-5.002022171099345105e-01 8.675499920111547081e-02
-1.436091874468108376e-01 6.068474591907659088e-02
5.216710915132827253e-02 2.940420384274463478e-02
-1.702428510885986013e-01 6.161598911859358929e-02
1.258680555555569125e-02 3.879964519875350737e-02
-5.655399553726289663e-02 2.342325771334947612e-02
-1.239491030803225972e-02 8.084273137615829649e-03
-1.118618523134085399e-02 6.284250470314067978e-03
7.975260416666633129e-03 2.407497232881809085e-03
3.085937499999995559e-01 5.374075322123411658e-02
9.667968750000000000e-02 2.780328906155461050e-02
2.929687500000000000e-03 2.928256639108790804e-03
8.203124999999955591e-02 2.725286365476019268e-02
8.984374999999977796e-02 1.852213362887640893e-02
0.000000000000000000e+00 0.000000000000000000e+00
5.859375000000000000e-03 4.139155720992669478e-03
1.953125000000000000e-03 1.952171092739193869e-03
0.000000000000000000e+00 0.000000000000000000e+00
-2.097534003387089729e+00 2.636485221268702883e-02
