-5.117795381626824014e-01 2.992166154563993125e-02
-1.414465655609414285e-01 2.156298602338399886e-02
-2.935350627884858454e-03 1.045882560848550302e-02
-1.258416244275961660e-01 2.170121177089506109e-02
-3.053110623297328186e-02 1.303300865809166841e-02
-3.694608602808929776e-03 8.249385521012571332e-03
-5.727268664531489500e-03 2.993217265319389562e-03
-7.164241457911361619e-03 2.263773734182480610e-03
1.281738281249996531e-03 9.845534119623966952e-04
4.246826171875004441e-01 2.026109591988513661e-02
1.041259765625004441e-01 1.021057569671974738e-02
3.295898437500000000e-03 1.098029149625124939e-03
1.052246093750000000e-01 1.026544018028864060e-02
1.088867187500002220e-01 7.191664532976041295e-03
2.685546875000000000e-03 8.091790294230200497e-04
3.662109375000166533e-03 1.157353626590895560e-03
2.929687500000000000e-03 8.451082767363274437e-04
1.098632812500000000e-03 3.660097165417082769e-04
-2.101315461568658449e+00 9.311374568376369273e-03
