1.457736031426912215e-01 1.619797489334107166e-01 1.674177129939678210e-01 1.556432273164826130e-01 2.129583029723643509e-02 2.090423524591175988e-02 2.007613334232586852e-02 2.169337723080980163e-02 6.848826364440145642e-02
1.460235734121982654e-01 1.618189410009881479e-01 1.680788218386417288e-01 1.561213971672379963e-01 2.133853134485251893e-02 2.091208829867119076e-02 2.012309186606633243e-02 2.173214752136454209e-02 6.864301011269187403e-02
1.456545363991973985e-01 1.623658713908291695e-01 1.670120230175984044e-01 1.564534472415264332e-01 2.138842960704131352e-02 2.087445739663089730e-02 2.012380821892792784e-02 2.180754345438786629e-02 6.794156437210194244e-02
1.458558386894340808e-01 1.630270105911086620e-01 1.673483546715038295e-01 1.561308221457173573e-01 2.130476627778552998e-02 2.091757818552760981e-02 2.018396995032266730e-02 2.164157204974337737e-02 6.852954813457455552e-02
1.457962396559794593e-01 1.621293798936442876e-01 1.674207607746331372e-01 1.557917651804290871e-01 2.135297026374380000e-02 2.088949965829868874e-02 2.017799723188296035e-02 2.164139436582207532e-02 6.810914182724291110e-02
1.453824016969694766e-01 1.623983755996024347e-01 1.680112457997668118e-01 1.561319968963149063e-01 2.129283986899386735e-02 2.096837610180418005e-02 2.008327316242320554e-02 2.181118254030088230e-02 6.729742703201217757e-02
1.468006569552738061e-01 1.621539715769394208e-01 1.670722418529518860e-01 1.558370948918690047e-01 2.130625046259078392e-02 2.093186567873200551e-02 2.017105695969352575e-02 2.169749219790317527e-02 6.780008734047700270e-02
1.460551106943825395e-01 1.622603969070634256e-01 1.661134491234931565e-01 1.556403681945390804e-01 2.130030490472740665e-02 2.089940463957754707e-02 2.007336944091090564e-02 2.182995348877756620e-02 6.828523944472054963e-02
1.452473985569301129e-01 1.619738423788469606e-01 1.667720428469181004e-01 1.554616001572643735e-01 2.138281722930246431e-02 2.091614147255149367e-02 2.011336348412265038e-02 2.186600960578167704e-02 6.853163752637048134e-02
1.449437460763236818e-01 1.617857590015424063e-01 1.672650122095075409e-01 1.559090120911200139e-01 2.135870494485681351e-02 2.089421267731492518e-02 2.011941750154638137e-02 2.181825663641259391e-02 6.768694464873745154e-02
1.468868007957357946e-01 1.628291980533514982e-01 1.674902627463503435e-01 1.563245792430867642e-01 2.133271484103977170e-02 2.092642317553575562e-02 2.014845222230720809e-02 2.198587357827718955e-02 6.835280224233428181e-02
1.450998594026702837e-01 1.628230734531608270e-01 1.676943997908462436e-01 1.557708567409130940e-01 2.131807107332923945e-02 2.091305134868588766e-02 2.003569884174686774e-02 2.166043422192111961e-02 6.763512513566925788e-02
1.460087445952251151e-01 1.625690522359754253e-01 1.683825560588868009e-01 1.557668567174150254e-01 2.130625046259078392e-02 2.089663759896596626e-02 2.015901647149505316e-02 2.178332947223267715e-02 6.807813907218568383e-02
1.462465323178669396e-01 1.620426889926051550e-01 1.669973608763165029e-01 1.560879920979961755e-01 2.132541127350370824e-02 2.089242827895401722e-02 2.005832581474037424e-02 2.173155106414109000e-02 6.728087613136379819e-02
1.464212241065716014e-01 1.621251192306233657e-01 1.674116954310791716e-01 1.560221725703494489e-01 2.144729872140743732e-02 2.096285786768219139e-02 2.008453298440655496e-02 2.180882260824734686e-02 6.939914534561915371e-02
1.462158197813226701e-01 1.622893644313876671e-01 1.665132389072624952e-01 1.558946735205794243e-01 2.136441629055191999e-02 2.096960998581673050e-02 2.002099759776455185e-02 2.175792802301879103e-02 6.720260640795343299e-02
1.463099048671719637e-01 1.621033132922720388e-01 1.670493498755316053e-01 1.555575586675937150e-01 2.131364935382133383e-02 2.092147675393530443e-02 2.011358116446266067e-02 2.176137362542486867e-02 6.766736190668583284e-02
1.450785269419930246e-01 1.626106617288073097e-01 1.680899656914091322e-01 1.560968610882985663e-01 2.132541127350370824e-02 2.085571660959166865e-02 2.014701663903578632e-02 2.169607015755487672e-02 6.836969436517657817e-02
1.452630203101127893e-01 1.627056076330618828e-01 1.678056921667987478e-01 1.562768477155685176e-01 2.142025036828208717e-02 2.098336455961505656e-02 2.012977415395426212e-02 2.192373575088096826e-02 6.827973387131065774e-02
1.459922178896405354e-01 1.623343290417810225e-01 1.675952915172920221e-01 1.565483578785709928e-01 2.122399377917428415e-02 2.090947587176411951e-02 2.008349044433428363e-02 2.181377970500055635e-02 6.783034287906417048e-02
1.465342312789467416e-01 1.617948368844068230e-01 1.677153273598243621e-01 1.565058474788972309e-01 2.127628719601769997e-02 2.086857195058964068e-02 2.011006660956055417e-02 2.184706182005187805e-02 6.823087867501954895e-02
1.458035504176770913e-01 1.629148397856027553e-01 1.670661571361712894e-01 1.564076565582609435e-01 2.131954204578867529e-02 2.096307965577758753e-02 2.010027563523539285e-02 2.184608998609435457e-02 6.869335668348508506e-02
1.461482860802761352e-01 1.627086630409090573e-01 1.672621848568416891e-01 1.569875760549849508e-01 2.138982906978480203e-02 2.099161148742850411e-02 2.011016113134889149e-02 2.171941413218818340e-02 6.776769402283036592e-02
1.454077727158016031e-01 1.624256678526463382e-01 1.670545127574719624e-01 1.557573203015992225e-01 2.129732330407371407e-02 2.091330410717507846e-02 2.009113511568074231e-02 2.166415276293224071e-02 6.846649555616113325e-02
1.453260863720008123e-01 1.621946201806376275e-01 1.675743652066962741e-01 1.558622532407466510e-01 2.125955598974889685e-02 2.092786526686342061e-02 2.009194929766527221e-02 2.171131522102134892e-02 6.949970407632143077e-02
1.460238971153986209e-01 1.620177454924158489e-01 1.668622094140021495e-01 1.560508500104252350e-01 2.143384670388478325e-02 2.092933228921250999e-02 2.007390380250740139e-02 2.177708633927172982e-02 6.881844656832521168e-02
1.464812086207980812e-01 1.624621653769432739e-01 1.679248353545498562e-01 1.556856222041226590e-01 2.135297026374380347e-02 2.097976898606521493e-02 2.016255605434464152e-02 2.168129007407929715e-02 6.797261135138035759e-02
1.466341255100333252e-01 1.624644997616000452e-01 1.674721508773817369e-01 1.557064726317938796e-01 2.133707941355168086e-02 2.096634147460519140e-02 2.002950899797286896e-02 2.184871497082522054e-02 6.805451115582865362e-02
1.451596748375663937e-01 1.624298192624314408e-01 1.676215798876575513e-01 1.557095646622535523e-01 2.145263918026498948e-02 2.093047939619511327e-02 2.013485363790263119e-02 2.185904399772338816e-02 6.817158373228973667e-02
1.460269918590480775e-01 1.626218686623595033e-01 1.677517167203162185e-01 1.559743725118023783e-01 2.136156353345998460e-02 2.095082321306505208e-02 2.012968333880351540e-02 2.167687648890307545e-02 6.824142824025231091e-02
1.453951456913047391e-01 1.620891438430538123e-01 1.673886568052820600e-01 1.559517493527353693e-01 2.137293959608730851e-02 2.098640610681283894e-02 2.009024176807363421e-02 2.195003557091916926e-02 6.874404262227880313e-02
1.450544771114794795e-01 1.623020455627283976e-01 1.671017376559980894e-01 1.563330458792753230e-01 2.131069420266340844e-02 2.086383666174885035e-02 2.013808196195379305e-02 2.181855009705647302e-02 6.813781011118980047e-02
1.456699107834405482e-01 1.619597905138251415e-01 1.673864618677080029e-01 1.561977154943373913e-01 2.131512472764974728e-02 2.083215755391028615e-02 2.011462919856646034e-02 2.179593372085739111e-02 6.827824829415214680e-02
1.459086436118708363e-01 1.629620157157889715e-01 1.676702789234991720e-01 1.560865108432938908e-01 2.140097251979017345e-02 2.090676819638733266e-02 2.006780351410778970e-02 2.169628512117234911e-02 6.785989276191772834e-02
1.448769280714045649e-01 1.625559376342172457e-01 1.669556269127955295e-01 1.557131568333268434e-01 2.138982906978480203e-02 2.093363081397938905e-02 2.007693418013627856e-02 2.175423286957064994e-02 6.784408266592904801e-02
1.446332000137771634e-01 1.622335625727717723e-01 1.672625963322140197e-01 1.567180254214069479e-01 2.137718159499919779e-02 2.088645105354143897e-02 2.015317237723180874e-02 2.175107565652024261e-02 6.874437681952105805e-02
1.457391727830423533e-01 1.621887919562420566e-01 1.678576834285985253e-01 1.565353554142151216e-01 2.136156353345998113e-02 2.093671572844062884e-02 2.011710062097913504e-02 2.181351953547194106e-02 6.844844605694748452e-02
1.450081484215439143e-01 1.623898923820442375e-01 1.674800023761343348e-01 1.564479366111418412e-01 2.143519839544462749e-02 2.101484801527239710e-02 2.015454732400523072e-02 2.190594347233931760e-02 6.886509647103113141e-02
1.462740721806539690e-01 1.622632886344775038e-01 1.670576144153639586e-01 1.564253345748906898e-01 2.136726321846832422e-02 2.085778984772355960e-02 2.013666533179555782e-02 2.185213626923866378e-02 6.876140398716555635e-02
1.450681517142854982e-01 1.628947088202220006e-01 1.665083403754825109e-01 1.560848825074375723e-01 2.136441629055191999e-02 2.097850396472227680e-02 2.018295742114199418e-02 2.191617829979800036e-02 6.817623749511199371e-02
1.459992124458079077e-01 1.619702141200951295e-01 1.674019676105002186e-01 1.563271114520919103e-01 2.142570623821108550e-02 2.085351703550364366e-02 2.009902340661565492e-02 2.187627143123865164e-02 6.863151480203942556e-02
1.455933193541416315e-01 1.626185519898106502e-01 1.671000903365457702e-01 1.562150085452513881e-01 2.140512738342697022e-02 2.096027398493839275e-02 2.002426126473430892e-02 2.177457535257930690e-02 6.783492063047982801e-02
1.464080504045929265e-01 1.625896277263288447e-01 1.679437444669468760e-01 1.560931520119025750e-01 2.132247959146489277e-02 2.099147830110385110e-02 2.016289643723413391e-02 2.168837567330030719e-02 6.799891926000138642e-02
1.457141840900019747e-01 1.623711498388570595e-01 1.673067186424565811e-01 1.563092344464729055e-01 2.138982906978480203e-02 2.101997089309468394e-02 2.008744820472460960e-02 2.178899246056160977e-02 6.879941435752409684e-02
1.445844507321103201e-01 1.619356745121287300e-01 1.677016519496987712e-01 1.566878231360490370e-01 2.142298119399643763e-02 2.090735207751682687e-02 2.004848607314887315e-02 2.157310142917334000e-02 6.840999689803327344e-02
1.445493134418582570e-01 1.626562395758234802e-01 1.670713634156583971e-01 1.562379139830754604e-01 2.138562632409627892e-02 2.084660541951681087e-02 2.009729222161686646e-02 2.176329272097280582e-02 6.836420418128838494e-02
1.462665493341776535e-01 1.623319404212110184e-01 1.664853750871219396e-01 1.562610569393977633e-01 2.126261132552695332e-02 2.083472502232133414e-02 2.005495141387294775e-02 2.187218594092588814e-02 6.800726381861202374e-02
1.461025996234720792e-01 1.621878880377549959e-01 1.673495802012656131e-01 1.557615076117547792e-01 2.133853134485251893e-02 2.096280814725900998e-02 2.014154538955946830e-02 2.186313577097815167e-02 6.837245264220861984e-02
1.456665065385489011e-01 1.629572516375378810e-01 1.673212501699949117e-01 1.560763634076915152e-01 2.134287836432600602e-02 2.089535596683007521e-02 2.017149882798388583e-02 2.176252593889715578e-02 6.787275188565598805e-02
1.444081598614440909e-01 1.621149474941667168e-01 1.677478584441561560e-01 1.564778879558707536e-01 2.148419889464594362e-02 2.102628293770638507e-02 2.009663954933470914e-02 2.167833821827629126e-02 6.833605299526142318e-02
1.457860151660342607e-01 1.627808693062665346e-01 1.674996388588724516e-01 1.566699045179957006e-01 2.129134244696853293e-02 2.083596341629350562e-02 2.010665294460316221e-02 2.171280763929489543e-02 6.803413371486592698e-02
1.456473290799134013e-01 1.622355149702049137e-01 1.668675509787908573e-01 1.557820233179016411e-01 2.139680460760308781e-02 2.087359443650354737e-02 2.010206375160684261e-02 2.180424146265847948e-02 6.864644552193292781e-02
1.453543872384086832e-01 1.624474932875302202e-01 1.675891739071069531e-01 1.559213533432214638e-01 2.127325845013321517e-02 2.089413049525808488e-02 2.013844723638504725e-02 2.180007004799567813e-02 6.866392876930006717e-02
1.456158427412083955e-01 1.619386528163189454e-01 1.669236999347417649e-01 1.558802347424105561e-01 2.136013496824351945e-02 2.094676563470957570e-02 2.009621196554214201e-02 2.168294797792853779e-02 6.905588952482079323e-02
1.460316395706497128e-01 1.636415703350151407e-01 1.675755846403921556e-01 1.563737975682326087e-01 2.139262363923899804e-02 2.091119279284664456e-02 2.007746980583539204e-02 2.182421878209070062e-02 6.824884561523845983e-02
1.450163250988083519e-01 1.623783266531811931e-01 1.672641933425446370e-01 1.558296424995714580e-01 2.138000232036903203e-02 2.094746250349614758e-02 2.008374069149247015e-02 2.168623522253338570e-02 6.768576193008968289e-02
1.461016846362323818e-01 1.617083960025496314e-01 1.670438487627019797e-01 1.562399946380345350e-01 2.134432444700028186e-02 2.094032929206207302e-02 2.008937889437149155e-02 2.181923704631152927e-02 6.779994585054997802e-02
1.463970040872514811e-01 1.620335110407620238e-01 1.671629712632829723e-01 1.559843101923586717e-01 2.136868449721396682e-02 2.088283966463194349e-02 2.015795585606611554e-02 2.170896035267928792e-02 6.799509078370082060e-02
1.451500587020706223e-01 1.618838583214355087e-01 1.672952640996885620e-01 1.557992190675412114e-01 2.130476627778552651e-02 2.091483851004594455e-02 2.013558357457071943e-02 2.175312042152708139e-02 6.875084436032212476e-02
1.452457575313514659e-01 1.628792544514870710e-01 1.673363225293104939e-01 1.561938877820202576e-01 2.135870494485681351e-02 2.087308202887743283e-02 2.011692439151432574e-02 2.177711123050483921e-02 6.801347796367002152e-02
1.441594151920604083e-01 1.628005207047181491e-01 1.672393193607207285e-01 1.566008078342332466e-01 2.144729872140743732e-02 2.092760355783242210e-02 2.017061733622736719e-02 2.202028090319140680e-02 6.770126165949963415e-02
1.446134059754756729e-01 1.618743814410427972e-01 1.669854994153203431e-01 1.556784971422703612e-01 2.140374387825073194e-02 2.097876937408381035e-02 2.013451323264646778e-02 2.177678647285172589e-02 6.755502095477970703e-02
1.455492176422614192e-01 1.631166919214452060e-01 1.684595903637897407e-01 1.565375033527104942e-01 2.136013496824351945e-02 2.096404600320393025e-02 2.010219441541304108e-02 2.183764590008194575e-02 6.939847399257924321e-02
1.457633486420136515e-01 1.619719119069435442e-01 1.673246506116898291e-01 1.562280086472229435e-01 2.135153294510475780e-02 2.089290294936761022e-02 2.004083048820882659e-02 2.192007236553116661e-02 6.827609483466852425e-02
1.452240561044949307e-01 1.617615081509601593e-01 1.676365058939081332e-01 1.564909130130463510e-01 2.140512738342697022e-02 2.087096926029133326e-02 2.012694965615975662e-02 2.182361300560909864e-02 6.842948168589392532e-02
1.463574632887968963e-01 1.619505001922014464e-01 1.667322185892100017e-01 1.559971581568745380e-01 2.137010431953889275e-02 2.088448221678165795e-02 2.012644806415702162e-02 2.172596921894331956e-02 6.797752622936217848e-02
1.470144258419858740e-01 1.623088222068777842e-01 1.680648558480343502e-01 1.554628821672262851e-01 2.126413677576673156e-02 2.098513836509158584e-02 2.012073960876204284e-02 2.185381101004981591e-02 6.864285003442358035e-02
1.459860977821686723e-01 1.618715140994678447e-01 1.674744909657689407e-01 1.563062553007441013e-01 2.137718159499920126e-02 2.093741041227578994e-02 2.023578859674399211e-02 2.174411689756277494e-02 6.827147088355535465e-02
1.467704587648870906e-01 1.627585646214823600e-01 1.671470560779297898e-01 1.561807204974786645e-01 2.135153294510475433e-02 2.085036668222890743e-02 2.019257002946099611e-02 2.168233708002626978e-02 6.793172957043797089e-02
1.456309284303820006e-01 1.621226267914951669e-01 1.682397464270965204e-01 1.557224212338618463e-01 2.130328062341160095e-02 2.088602074016725207e-02 2.013924749301461425e-02 2.170745543574432654e-02 6.756636899611286051e-02
1.459063428322298628e-01 1.618868433513560301e-01 1.675696274372227845e-01 1.563809400338191657e-01 2.130921442472322180e-02 2.091861828640152396e-02 2.011483149207106760e-02 2.186781970153812288e-02 6.830739892991646856e-02
1.452505265963343617e-01 1.624496247437879348e-01 1.668552650655414360e-01 1.561858185566230850e-01 2.128232698456681074e-02 2.096548437878587717e-02 2.008691728234444571e-02 2.162327723679315430e-02 6.855382478975151350e-02
1.456770341296136084e-01 1.626744657165099528e-01 1.678668486659304071e-01 1.569868729873394042e-01 2.138422250332350921e-02 2.098130693771774538e-02 2.011248260983355962e-02 2.172177456646101276e-02 6.860520572152278840e-02
1.453577364268161809e-01 1.625024141445250703e-01 1.676656124556923921e-01 1.566793241294052452e-01 2.131954204578867529e-02 2.097579115148909962e-02 2.009549073670171063e-02 2.155029059914955608e-02 6.780266003962656662e-02
1.457428707114221400e-01 1.623111131279554586e-01 1.672880140090572398e-01 1.563477948027249820e-01 2.128232698456680727e-02 2.089395725024457279e-02 2.017028005962677450e-02 2.169735521257598956e-02 6.774048165911752961e-02
1.456388189475663064e-01 1.626878104962774241e-01 1.674176502454154114e-01 1.556858783418200443e-01 2.126108439696051955e-02 2.092477270170430698e-02 2.016928632340029420e-02 2.172556532964578860e-02 6.863577820151478548e-02
1.457657975522917149e-01 1.625316963603678222e-01 1.679773570710590413e-01 1.561427642555326678e-01 2.131659863405092198e-02 2.096707291514655902e-02 2.019099749483986919e-02 2.189683730909463069e-02 6.833662313522785581e-02
1.458439427611405992e-01 1.628697584419412370e-01 1.673284095564622764e-01 1.562973791716900929e-01 2.140789004707636944e-02 2.091790158669946595e-02 2.013453401126386738e-02 2.188612934742204669e-02 6.772799982010037356e-02
1.454061592267729408e-01 1.623448296519645340e-01 1.669664458153131970e-01 1.557691982378955620e-01 2.132101155173282345e-02 2.091226235028179753e-02 2.011249093038720501e-02 2.177493539539928843e-02 6.844109641617869555e-02
1.463798768197107081e-01 1.625121248301356347e-01 1.678393517756534836e-01 1.553905337382682772e-01 2.131659863405092545e-02 2.086079677569929736e-02 2.008948084759174316e-02 2.168330350218203653e-02 6.838097038045674869e-02
1.462355124375071536e-01 1.622769676614384260e-01 1.674887888218950238e-01 1.562365287372593503e-01 2.134721222840651328e-02 2.092640144475151412e-02 2.008325414221905081e-02 2.177273177322586878e-02 6.780868533488285110e-02
1.457184649097878482e-01 1.619859947418976209e-01 1.671787425806607330e-01 1.563201892059087883e-01 2.136156353345998460e-02 2.088878718431162046e-02 2.004545230230111996e-02 2.191320346521910545e-02 6.770178639805848886e-02
1.443028802452336612e-01 1.622122886670268049e-01 1.672847612671242434e-01 1.557881791249244308e-01 2.142706659294552410e-02 2.089733265762146880e-02 2.000183047644731732e-02 2.163464566750290460e-02 6.824488335892951729e-02
1.467929034779247854e-01 1.622487263482049746e-01 1.672854132436902841e-01 1.557854652827027342e-01 2.127779935558577959e-02 2.095749198050720491e-02 2.010740326424436883e-02 2.168392410369844939e-02 6.766461955157859753e-02
1.455974142441564256e-01 1.622526768396068408e-01 1.669843624500176871e-01 1.552549156082819737e-01 2.133271484103976823e-02 2.093940884639661909e-02 2.009606306938902659e-02 2.170483700028681337e-02 6.823440493754745484e-02
1.450622142080421617e-01 1.630706583776453111e-01 1.676246075088395626e-01 1.564047765096915343e-01 2.137152268573337330e-02 2.096346161866367158e-02 2.013707091931646667e-02 2.178875787478401840e-02 6.902791391060079940e-02
1.448558159169055226e-01 1.625429009425240490e-01 1.675198372152277848e-01 1.560074512181091055e-01 2.122399377917428415e-02 2.086924484626426213e-02 2.010557690082001928e-02 2.175080821393638245e-02 6.844269938804162234e-02
1.444418468800137134e-01 1.616705720164758053e-01 1.670649020693905362e-01 1.556211963958126498e-01 2.140789004707636597e-02 2.090010804836937852e-02 2.014319113758951396e-02 2.178851660777323535e-02 6.742886357760086158e-02
1.462784466301394470e-01 1.621285289652375228e-01 1.674368281892352761e-01 1.561940891187829639e-01 2.131217251226093928e-02 2.096455835664817052e-02 2.014324631261097884e-02 2.167137205072995274e-02 6.790297033412841243e-02
1.461365514563827961e-01 1.629467905004612638e-01 1.679726125034160800e-01 1.570157040117029779e-01 2.123645222632090934e-02 2.095727160879566273e-02 2.006949337571121636e-02 2.190017583913821120e-02 6.863940927849014606e-02
1.461123314887544100e-01 1.622549975705337155e-01 1.677569583809136178e-01 1.556173338323391664e-01 2.139262363923900151e-02 2.098708848523823944e-02 2.010505016661666075e-02 2.167677444946386478e-02 6.781994813687906853e-02
1.457526490970847133e-01 1.624851926325614482e-01 1.667840164244132894e-01 1.568116246967002081e-01 2.129732330407371407e-02 2.090161687698090590e-02 2.004044854892974431e-02 2.192685383428142135e-02 6.827312193244365612e-02
1.451186349819127419e-01 1.620139910961725660e-01 1.673484225636167610e-01 1.555900443096267516e-01 2.143924481378541025e-02 2.090521431973269700e-02 2.014075335248277296e-02 2.192500663246930992e-02 6.813113250992697267e-02
1.461395292608681784e-01 1.617794093145946410e-01 1.678254610361109289e-01 1.560360905971063805e-01 2.137576905043125919e-02 2.095219859979776528e-02 2.011230516416349923e-02 2.194554557136285319e-02 6.816332729932982060e-02
1.460358542575148355e-01 1.621413899838091421e-01 1.668320912680087975e-01 1.558316321081121558e-01 2.128984355259315800e-02 2.095923551729116791e-02 2.012806612796599892e-02 2.170788061049012257e-02 6.788530004947809782e-02
1.468779898256735439e-01 1.629867302356963754e-01 1.662646858737200362e-01 1.563702293722009917e-01 2.125189176283619891e-02 2.091137389774946898e-02 2.011795389696978062e-02 2.168227718056878195e-02 6.835388753919305338e-02
1.446442666968465740e-01 1.626131830586070581e-01 1.672283850050489129e-01 1.566265483417931259e-01 2.121458752368012013e-02 2.096111688846370724e-02 2.002686863640934858e-02 2.191106322702041087e-02 6.897889358938805171e-02
1.461990985719671676e-01 1.621592112724968004e-01 1.671649412123083767e-01 1.561538326341320448e-01 2.137576905043125572e-02 2.095063776075500525e-02 2.003162688454472942e-02 2.172582454304309782e-02 6.774619490171171488e-02
1.458795161513712357e-01 1.627336469560861365e-01 1.678385035981732887e-01 1.557778739660112544e-01 2.136584048301131550e-02 2.094005297150433598e-02 2.006724478794909283e-02 2.183222182136385428e-02 6.756730235465747969e-02
1.449418833020673925e-01 1.624711524060850065e-01 1.669427205895840927e-01 1.558209592754240813e-01 2.131512472764974728e-02 2.095083910145909001e-02 2.012429631857346607e-02 2.169872636820113429e-02 6.848192032820089870e-02
