-4.363602871480381395e+00 -1.161424997439658879e+00 -1.137564395691762265e+00 -6.967098659939231275e+00 1.466308593749999556e+00 9.771055618935216291e-02 1.676271202471037447e-01 1.848388671875000000e+00 -7.165707679918360995e+00
-4.263303491069624584e+00 -1.465530793646013352e+00 -9.127474121058249956e-01 -7.030961778428820530e+00 1.480468749999999334e+00 9.667475524034831180e-02 9.339471890183624614e-02 1.900390625000000000e+00 -7.117055861073042777e+00
-4.391550931128604951e+00 -1.229849234662186763e+00 -1.314907829585421739e+00 -7.213860405815970545e+00 1.497558593749999556e+00 1.280940506934616641e-01 1.156644393054163805e-01 1.841552734375000000e+00 -7.172781733759124201e+00
-4.417071553039839671e+00 -1.290066816913906678e+00 -9.941041150855129960e-01 -7.279513888888886619e+00 1.469238281249999334e+00 1.234329464229445977e-01 1.286119511679632843e-01 1.846679687500000000e+00 -7.125147308558299031e+00
-4.389021768131203594e+00 -9.088230517318277579e-01 -1.022291576784886358e+00 -7.464443630642357164e+00 1.485351562499999556e+00 8.269144242879790385e-02 1.249866478464500691e-01 1.858642578125000000e+00 -7.122445934757896779e+00
-4.589465730394866938e+00 -1.024751000033798265e+00 -1.092756158949854450e+00 -7.322028266059026791e+00 1.465332031249999556e+00 1.132475704244080006e-01 7.682190371777655735e-02 1.831298828125000000e+00 -7.204396068654193463e+00
-4.351690253398197150e+00 -1.345059526946959849e+00 -1.061517767286281888e+00 -6.959516737196178582e+00 1.469726562499999556e+00 1.161823397799184726e-01 6.024908853371688244e-02 1.862060546875000000e+00 -7.153144795199338546e+00
-4.457343553146364101e+00 -1.348521027814832518e+00 -1.195504255839392016e+00 -7.044379340277772350e+00 1.467773437499999556e+00 1.042706288663757114e-01 1.467384677755283751e-01 1.837158203125000000e+00 -7.068663419690730976e+00
-4.360461331195693901e+00 -1.472272766929002996e+00 -1.224652723548141475e+00 -7.242377387152776791e+00 1.495605468749999556e+00 1.167002402544202594e-01 1.135928374074090530e-01 1.855712890625000000e+00 -7.025164095386776886e+00
-4.639330167096082924e+00 -1.260882583355571906e+00 -1.074942574644531801e+00 -7.311540391710066089e+00 1.487304687499999556e+00 1.146286383564128764e-01 6.663652771924001572e-02 1.816406250000000000e+00 -7.204773923015208581e+00
-4.233976353954101768e+00 -1.306427857074878629e+00 -1.129769520613167488e+00 -7.258002387152776791e+00 1.478515624999999556e+00 1.184265751694265206e-01 1.263677157784552640e-01 1.810546875000000000e+00 -7.137571820374295939e+00
-4.382643004215679206e+00 -1.105026563797877781e+00 -1.149749779312879916e+00 -6.963056776258676805e+00 1.473632812499999556e+00 1.125570364584053545e-01 1.087590996453918907e-01 1.857421875000000000e+00 -7.197365893187130936e+00
-4.337454318449100121e+00 -1.460369911985964553e+00 -1.200719182629989001e+00 -7.219299316406245559e+00 1.469726562499999334e+00 1.125570364584052574e-01 1.135928374074091640e-01 1.855712890625000000e+00 -7.179423283609706274e+00
-4.197887507978009580e+00 -1.482536880399825563e+00 -1.337659665792113373e+00 -7.057118733723957149e+00 1.476074218749999556e+00 1.274035167274589209e-01 7.405976785376677807e-02 1.863037109375000000e+00 -7.236775747600062481e+00
-4.436653445467527490e+00 -1.661081991259152568e+00 -8.728358132483881038e-01 -6.827802870008680358e+00 1.518554687499999556e+00 1.289572181509648086e-01 6.888076310874807762e-02 1.881103515625000000e+00 -7.028218838896332699e+00
-4.369262336483917153e+00 -1.247276330289767809e+00 -1.124971043937037507e+00 -7.121934678819441089e+00 1.489257812499999556e+00 1.246413808634489195e-01 9.926425761285746774e-02 1.841308593750000000e+00 -7.218734336581140276e+00
-4.317041484785571370e+00 -1.512059218922495507e+00 -1.227448501833428685e+00 -7.383558485243051805e+00 1.472167968749999556e+00 9.891899062985624880e-02 1.230876794399432816e-01 1.817626953125000000e+00 -7.146819509726210384e+00
-4.396105016895695883e+00 -1.280192785107182596e+00 -1.144837478607080072e+00 -6.969960530598955373e+00 1.476074218749999334e+00 8.666201273331210209e-02 1.144560048649122391e-01 1.815917968750000000e+00 -7.183364983101497181e+00
-4.267370546281670229e+00 -1.418809046666612339e+00 -9.277243017336734843e-01 -7.441955566406247335e+00 1.508789062499999334e+00 1.061695972728826376e-01 1.149739053394141924e-01 1.846923828125000000e+00 -7.101524518694395383e+00
-4.406913400656143232e+00 -8.627224676018823146e-01 -9.564466471803655390e-01 -7.018439398871524126e+00 1.443359374999999334e+00 1.084138326623907966e-01 9.632948825734706511e-02 1.887939453125000000e+00 -7.155802475568476595e+00
-4.382658522788359434e+00 -1.534236525575878973e+00 -9.266196028990443256e-01 -7.021847195095485716e+00 1.459960937499999556e+00 1.493279701480380584e-01 1.439763319115186790e-01 1.843994140625000444e+00 -7.155619924927040465e+00
-4.474242664193587515e+00 -1.311274255965872992e+00 -1.078042946246928091e+00 -7.306399875217012507e+00 1.474121093749999556e+00 8.994204907182413999e-02 1.027169274428699208e-01 1.885498046875000000e+00 -7.115958276383014258e+00
-4.487646882877011301e+00 -1.489720084137218015e+00 -9.703476102221699762e-01 -7.024224175347220545e+00 1.498046874999999556e+00 1.122117694754043993e-01 9.546632079984389285e-02 1.844970703125000000e+00 -7.137002528800837631e+00
-4.194350234410045175e+00 -1.236224548525913791e+00 -1.131118073225076071e+00 -7.250250922309025015e+00 1.466796874999999556e+00 8.804308066531710275e-02 1.058243302898812105e-01 1.793457031250000000e+00 -7.052324775178107075e+00
-4.452585576453401472e+00 -1.331577835072637050e+00 -9.394111281968756666e-01 -7.200219048394094656e+00 1.454589843749999556e+00 1.161823397799185142e-01 1.101401675773968081e-01 1.819824218750000000e+00 -6.997230559078880141e+00
-4.355675928401907981e+00 -1.057413922815507501e+00 -1.151013173812995838e+00 -7.422899034288194642e+00 1.513671874999999556e+00 1.028895609343706691e-01 1.534711739440526856e-01 1.827636718750000000e+00 -7.062875181852859008e+00
-4.371923962522383356e+00 -1.256925309228484444e+00 -8.281106544551160020e-01 -6.789923773871528567e+00 1.485351562499999556e+00 7.095236500675559943e-02 9.304945191883531863e-02 1.835693359375000000e+00 -7.096013986634840620e+00
-4.278731417087863420e+00 -1.363740301661910070e+00 -1.191168888485114818e+00 -7.155103895399301805e+00 1.479980468749999556e+00 7.647663673477562984e-02 1.110033350348999248e-01 1.824462890625000000e+00 -7.174850755105032007e+00
-4.355374698289985247e+00 -1.396954430993363694e+00 -7.982363850943428041e-01 -7.272450764973955373e+00 1.520507812499999556e+00 1.406962955730067522e-01 1.044432623578760849e-01 1.884033203125000000e+00 -7.215269503760382896e+00
-4.565298239389614210e+00 -1.318536851045808644e+00 -1.094576483014513713e+00 -7.248599582248261619e+00 1.488281249999999556e+00 1.432857979455163244e-01 1.027169274428698237e-01 1.876464843750000000e+00 -7.134777282247704022e+00
-4.257320090552504155e+00 -1.257493480229239458e+00 -8.839734945031925140e-01 -7.072580973307289298e+00 1.492187499999999556e+00 9.287681842733469528e-02 9.978215808735911574e-02 1.836914062500000000e+00 -7.076897837367884136e+00
-4.283693214186532039e+00 -1.241930427779017077e+00 -1.195822874491415888e+00 -7.038241916232640172e+00 1.471191406249999556e+00 9.235891795283293626e-02 8.787044717381638226e-02 1.845703124999999778e+00 -7.151500976592353176e+00
-4.362707653928630691e+00 -1.404761319930811103e+00 -9.824878799704713783e-01 -7.003804524739580373e+00 1.472656249999999556e+00 7.647663673477569923e-02 1.101401675773968081e-01 1.812988281250000000e+00 -7.187683031142730883e+00
-4.402486211680960437e+00 -1.442365752232806164e+00 -9.575032116280169925e-01 -7.106597900390621447e+00 1.501953124999999778e+00 1.113486020179011160e-01 7.768507117527981287e-02 1.826171875000000000e+00 -7.161398324863665010e+00
-4.334811082258094750e+00 -1.442995658611224696e+00 -1.397757288876805948e+00 -7.364081488715275015e+00 1.498046874999999556e+00 9.598422127434580453e-02 1.015084930023656684e-01 1.860839843750000000e+00 -7.111778125579682808e+00
-4.453222279722178989e+00 -1.519170236601161017e+00 -1.193459283939853233e+00 -7.201049804687497335e+00 1.493652343749999556e+00 1.268856162529570786e-01 1.087590996453916270e-01 1.862792968750000000e+00 -7.183669269430638771e+00
-4.575941872268690425e+00 -9.801569604457019969e-01 -9.949358571697827225e-01 -7.044704861111107164e+00 1.488281249999999556e+00 8.200090846279564638e-02 9.926425761285753713e-02 1.837158203125000000e+00 -7.110725361605590322e+00
-4.276449600615034541e+00 -1.405908902879239530e+00 -1.040932269617246719e+00 -7.032969156901037522e+00 1.514160156250000000e+00 1.156644393054164499e-01 1.146286383564128764e-01 1.848632812500000000e+00 -7.145074872940953448e+00
-4.266890226890487803e+00 -1.388375991482627247e+00 -1.005063377257762625e+00 -7.180748833550346433e+00 1.490234374999999556e+00 8.942414859732228383e-02 1.094496336113940649e-01 1.853515625000000000e+00 -7.070737012053441184e+00
-4.340364471186929585e+00 -1.120254282471499607e+00 -9.527898436876909294e-01 -7.005232069227428582e+00 1.489257812499999334e+00 9.788318968085261973e-02 1.035800949003732041e-01 1.892333984375000000e+00 -7.165042044391202403e+00
-4.259823676873460307e+00 -1.512394229064036422e+00 -9.239761433941866553e-01 -7.183424207899303582e+00 1.510742187499999556e+00 7.492293531126983930e-02 7.043446453225366000e-02 1.837402343750000000e+00 -7.162725421058116382e+00
-4.347713350543218169e+00 -1.372767974755447318e+00 -1.121931959903319287e+00 -6.922173394097221433e+00 1.503417968750000000e+00 1.116938690009023905e-01 1.011632260193642829e-01 1.826171875000000000e+00 -7.239366852835862787e+00
-4.205982812982391295e+00 -1.483744193849986903e+00 -7.595202980003309401e-01 -6.913909912109375000e+00 1.475097656249999556e+00 1.068601312388850755e-01 1.125570364584056599e-01 1.843750000000000000e+00 -7.188123523609784904e+00
-4.352666005608280209e+00 -1.419805325983547473e+00 -1.306288373951927095e+00 -7.178283691406248224e+00 1.498046874999999556e+00 1.053064298153793960e-01 1.018537599853670123e-01 1.809570312500000000e+00 -7.152549944579474683e+00
-4.352727111284695027e+00 -1.195146601986490698e+00 -8.489802312690432062e-01 -6.954481336805551805e+00 1.509765624999999556e+00 1.108307015433993570e-01 8.338197639480041112e-02 1.848876953125000000e+00 -7.072932084641258221e+00
-4.580185621150327790e+00 -1.204639731245380707e+00 -8.277058187879144935e-01 -7.346459282769097321e+00 1.496582031249999556e+00 1.198076431014316462e-01 1.374162592344951583e-01 1.857177734375000000e+00 -7.132755794222140011e+00
-4.354164352633460133e+00 -1.287583286017124129e+00 -1.234664787252275797e+00 -7.025763617621525015e+00 1.455566406249999334e+00 1.130749369329073772e-01 1.125570364584053684e-01 1.847412109375000000e+00 -7.183746589547373773e+00
-4.408087037137907060e+00 -1.475250987248972745e+00 -1.250196975069088667e+00 -7.166832817925345545e+00 1.480468749999999556e+00 1.125570364584055072e-01 9.978215808735951819e-02 1.849853515625000000e+00 -7.114635460482684692e+00
-4.593592129663168322e+00 -1.559992358769603182e+00 -1.090194369922542483e+00 -7.160366482204858940e+00 1.481933593749999556e+00 1.116938690009023211e-01 6.853549612574692806e-02 1.860839843750000000e+00 -7.167368311695088146e+00
-4.697268788719760835e+00 -1.119759312678401564e+00 -1.074791258791365278e+00 -6.842976888020833037e+00 1.532226562499999556e+00 1.091043666283931513e-01 8.027457354778920473e-02 1.867675781250000000e+00 -7.088119983016218484e+00
-4.440740810471574207e+00 -1.129160937494622541e+00 -8.429825562233934644e-01 -7.109063042534721433e+00 1.464843749999999556e+00 1.101401675773969746e-01 1.303382860829695733e-01 1.884521484375000000e+00 -7.134796649697475956e+00
-4.389056856726130107e+00 -1.645144289461534459e+00 -1.265533511204093520e+00 -7.073235405815967880e+00 1.500488281249999556e+00 1.558880428250618011e-01 8.856098113981895892e-02 1.892822265625000000e+00 -7.186214092041050883e+00
-4.395156391421721764e+00 -1.335732965218602963e+00 -1.055931622806415282e+00 -7.136386447482636619e+00 1.458984374999999556e+00 1.135928374074090946e-01 8.372724337780153292e-02 1.849121093750000000e+00 -7.090194993386282007e+00
-4.465271341774836422e+00 -1.228332918242171390e+00 -1.006734471743247594e+00 -7.180094401041665186e+00 1.487792968749999556e+00 1.087590996453918074e-01 1.085864661538912257e-01 1.841308593750000000e+00 -7.141928162910035738e+00
-4.426317824384401689e+00 -1.055760677155915594e+00 -1.029392088295661756e+00 -7.072313096788192865e+00 1.499023437500000000e+00 9.443051985084027766e-02 9.529368730834317236e-02 1.818359375000000000e+00 -7.110301004416664128e+00
-4.490333979811675924e+00 -1.258992240414944064e+00 -1.047286390505853815e+00 -7.400153266059025015e+00 1.494628906249999556e+00 1.282666841849620376e-01 1.251592813379504565e-01 1.849121093750000000e+00 -7.232067902409584192e+00
-4.358903569594087202e+00 -1.196519717144683304e+00 -1.153934547260507149e+00 -7.283213297526039298e+00 1.482421874999999556e+00 1.134202039159086239e-01 1.139381043904105634e-01 1.885742187500000000e+00 -7.138569423794022484e+00
-4.282285019518418778e+00 -1.347250103906538099e+00 -1.077110557268738722e+00 -6.996578640407984828e+00 1.490722656249999778e+00 4.609314223066612176e-02 1.139381043904103830e-01 1.863525390625000000e+00 -7.121174501055003603e+00
-4.396207552446026234e+00 -1.304831856720738870e+00 -1.118242018753065059e+00 -7.311041937934025903e+00 1.469238281249999556e+00 1.025442939513693669e-01 1.027169274428697265e-01 1.837890625000000000e+00 -7.120641451979194514e+00
-4.497973361926529634e+00 -1.290383323869994214e+00 -1.105023786010012499e+00 -7.126268174913192865e+00 1.487304687499999556e+00 8.372724337780165782e-02 1.066874977473844521e-01 1.873779296875000000e+00 -7.139942230502498433e+00
-4.475058086856752659e+00 -1.078491332609161413e+00 -1.318675561746118552e+00 -7.140777587890625000e+00 1.518554687499999334e+00 1.173907742204230581e-01 1.091043666283929708e-01 1.877685546875000000e+00 -7.195352270228153380e+00
-4.499681941156572940e+00 -1.577422643329011720e+00 -1.215175942024319555e+00 -7.274522569444442865e+00 1.502929687499999556e+00 8.079247402229115804e-02 6.991656405775187322e-02 1.868896484375000000e+00 -7.200000727114278298e+00
-4.375580135763352807e+00 -1.159619619749812980e+00 -1.196954265411471763e+00 -7.103023952907983052e+00 1.487792968749999556e+00 8.286407592029840230e-02 1.324098879809768592e-01 1.847656250000000000e+00 -7.011037530562162168e+00
-4.448851299423840722e+00 -1.645687194180462498e+00 -1.277117150090272490e+00 -7.326873779296873224e+00 1.484863281249999556e+00 8.666201273331212984e-02 1.424226304880129579e-01 1.849609375000000000e+00 -7.085735683883182645e+00
-4.283189379103774286e+00 -1.459224327802626675e+00 -9.618919010661890479e-01 -7.188646104600692865e+00 1.503417968749999556e+00 9.702002222334955850e-02 1.016811264938663056e-01 1.824218750000000000e+00 -7.110066657444816585e+00
-4.412326769830056783e+00 -1.359249962402555578e+00 -1.038421118995000780e+00 -7.354041205512152679e+00 1.491210937499999334e+00 9.926425761285763427e-02 8.959678208882247696e-02 1.846679687500000000e+00 -7.199314799425160949e+00
-4.203135280720552203e+00 -1.129015949150526499e+00 -1.098553767039417428e+00 -6.916954888237844656e+00 1.456054687499999556e+00 6.111225599122026286e-02 1.229150459484427832e-01 1.826660156250000000e+00 -7.007735149805345287e+00
-4.236231043690816378e+00 -1.202577159846378807e+00 -1.297750495665539461e+00 -7.171885172526041075e+00 1.493652343749999556e+00 9.960952459585856178e-02 1.018537599853668596e-01 1.842041015625000000e+00 -7.226220981123014475e+00
-4.084726884011091741e+00 -1.370020075419869032e+00 -8.539068122577286868e-01 -7.019663492838539298e+00 1.484863281249999334e+00 9.563895429134469661e-02 1.211887110334365220e-01 1.878173828125000000e+00 -7.144358683136313282e+00
-4.244278507022126945e+00 -1.192084568449561566e+00 -1.190826785501297724e+00 -7.316833496093749112e+00 1.468749999999999556e+00 9.045994954632589902e-02 1.003000585618612217e-01 1.873779296875000000e+00 -7.235819494892064441e+00
-4.291627784499034703e+00 -1.252506632931648545e+00 -1.220173656768478665e+00 -7.098341200086802694e+00 1.470703124999999556e+00 1.125570364584056321e-01 1.261950822869544464e-01 1.827392578125000000e+00 -7.149224779258805285e+00
-4.485482680122155230e+00 -1.348892469897890356e+00 -1.169523519862819771e+00 -7.115983751085066089e+00 1.461914062499999556e+00 1.339635894044827191e-01 8.925151510582145231e-02 1.881347656250000000e+00 -7.154476215936007577e+00
-4.360306567897925589e+00 -1.533851612786891749e+00 -7.329595766252942068e-01 -7.009782579210068754e+00 1.496093749999999556e+00 1.111759685264002706e-01 1.156644393054166720e-01 1.853515625000000000e+00 -7.110393869378142107e+00
-4.349246486798616473e+00 -1.464404908436401698e+00 -1.264335589531613069e+00 -7.017011854383679470e+00 1.474121093749999556e+00 8.873361463131961002e-02 7.578610276877306706e-02 1.812255859375000000e+00 -7.152236305002218408e+00
-4.379122059510308418e+00 -1.241909477530195094e+00 -1.182012973704838599e+00 -7.087090386284718768e+00 1.461914062499999556e+00 8.769781368231588381e-02 9.460315334234060958e-02 1.883789062500000000e+00 -7.180289595175145756e+00
-4.235053426279645983e+00 -1.493806864426409753e+00 -8.821624309528658392e-01 -7.329918755425344656e+00 1.455078124999999556e+00 1.003000585618612078e-01 1.217066115079383226e-01 1.862792968750000000e+00 -7.113357412408157998e+00
-4.316447497345745177e+00 -1.785826173977605125e+00 -7.713206813235617965e-01 -7.003434922960066977e+00 1.473144531249999556e+00 1.167002402544201761e-01 9.840109015535442039e-02 1.868408203125000000e+00 -7.133495323763932916e+00
-4.245130603599966079e+00 -1.447251049439792547e+00 -9.998102309540769506e-01 -7.357449001736108052e+00 1.504394531249999556e+00 7.354186737926504680e-02 1.465658342840276962e-01 1.856445312500000000e+00 -7.184643066436103176e+00
-4.329639458099522109e+00 -1.466935776364879596e+00 -1.329711363164417959e+00 -7.167856852213538410e+00 1.474609374999999556e+00 7.854823863278295737e-02 1.070327647303854629e-01 1.855224609375000000e+00 -7.093701229808888620e+00
-4.247214976206157289e+00 -1.483499268458350784e+00 -1.225355570075413292e+00 -7.257900661892359828e+00 1.473144531249999556e+00 1.011632260193643523e-01 1.360351913024898385e-01 1.866455078125000000e+00 -7.154948776040850333e+00
-4.309791459414920922e+00 -1.263941048349488172e+00 -1.493850184616813070e+00 -7.052490234374998224e+00 1.483398437499999556e+00 1.008179590363632305e-01 8.441777734380398468e-02 1.892089843750000000e+00 -7.137607587206825421e+00
-4.095820063240624975e+00 -1.468610800672052408e+00 -9.639911231789589641e-01 -7.416124131944442865e+00 1.488281249999999556e+00 4.816474412867317173e-02 1.329277884554788958e-01 1.850341796875000000e+00 -7.163395953584842601e+00
-4.486762868343739719e+00 -1.497813019941169221e+00 -9.325035775996431964e-01 -7.036153157552082149e+00 1.511230468749999556e+00 9.822845666385386643e-02 1.467384677755285416e-01 1.808837890625000000e+00 -7.118481397466140947e+00
-4.432748410902402014e+00 -1.263931376691195929e+00 -1.254783128203984299e+00 -7.094479031032984828e+00 1.460449218749999556e+00 1.108307015433992598e-01 1.210160775419358847e-01 1.860351562499999778e+00 -7.199874807924684816e+00
-4.039837367371561072e+00 -1.363474681458718862e+00 -1.203355654644680639e+00 -7.214735243055553582e+00 1.478515624999999334e+00 1.134202039159085129e-01 1.059969637813819310e-01 1.812011718750000000e+00 -7.194057902279048733e+00
-4.338174022506040117e+00 -1.425969157415769351e+00 -1.191425833357138142e+00 -6.978410508897567865e+00 1.491699218749999556e+00 8.372724337780157455e-02 9.494842032534213383e-02 1.861572265625000000e+00 -7.084946630556341773e+00
-4.477634351757473041e+00 -1.387271411200378557e+00 -1.205732939806661630e+00 -7.188347710503473209e+00 1.443359375000000000e+00 1.075506652048875966e-01 7.509556880277037938e-02 1.862060546875000000e+00 -7.235948514200988946e+00
-4.396742900339262405e+00 -1.354961166257470540e+00 -1.510026422210040575e+00 -7.073421902126733052e+00 1.504394531249999556e+00 6.663652771924008511e-02 1.167002402544203843e-01 1.861816406250000000e+00 -7.201815021522160798e+00
-4.090624553505593397e+00 -1.267524931004412991e+00 -1.191124658987183338e+00 -7.399220784505207149e+00 1.471679687499999556e+00 1.123844029669048422e-01 1.258498153039533385e-01 1.821777343750000000e+00 -7.226256827117734538e+00
-4.481781501222817710e+00 -1.191357128821826317e+00 -8.965937189826845843e-01 -6.958435058593744671e+00 1.447265624999999556e+00 9.201365096983157854e-02 1.353446573364877059e-01 1.877197265625000000e+00 -7.065436993933420062e+00
-4.321593580087959019e+00 -1.347564917400090767e+00 -9.918860049307757221e-01 -7.257982042100695530e+00 1.499023437499999556e+00 1.265403492699559151e-01 1.458753003180254249e-01 1.830566406249999778e+00 -7.138636597656780047e+00
-4.267547239951267279e+00 -1.349651173081328981e+00 -1.259651797305989307e+00 -7.015563964843749112e+00 1.466796874999999556e+00 8.269144242879800100e-02 1.545069748930565090e-01 1.868408203125000222e+00 -7.078621679708003711e+00
-4.344986743679174701e+00 -1.689303151845222173e+00 -1.488652907680265702e+00 -7.230055067274304470e+00 1.515624999999999556e+00 9.494842032534187015e-02 8.079247402229103314e-02 1.817871093750000000e+00 -7.125266252133414469e+00
-4.429869401090168246e+00 -1.093675787068497884e+00 -1.046578848334387191e+00 -7.237647162543400903e+00 1.493164062499999334e+00 1.035800949003732041e-01 1.208434440504352059e-01 1.842773437500000000e+00 -7.117403919995640038e+00
-4.019803497723675179e+00 -1.296123512125607835e+00 -1.119303683388736870e+00 -7.326514350043400015e+00 1.464355468749999778e+00 8.338197639480061929e-02 9.132311700382896025e-02 1.832519531250000000e+00 -7.184553671478829173e+00
-4.164332140553518968e+00 -1.419527711232613898e+00 -1.153484784470662161e+00 -7.267059326171872335e+00 1.452148437499999556e+00 6.404702534673076264e-02 9.045994954632573248e-02 1.853515625000000000e+00 -7.106931854942045490e+00
-4.513972534722851648e+00 -1.260921675021869692e+00 -1.125375462349439415e+00 -7.104417588975691977e+00 1.440429687499999556e+00 8.079247402229115804e-02 1.116938690009023072e-01 1.851562500000000000e+00 -7.146117975314209225e+00
-4.492218107796608351e+00 -1.415904755733194742e+00 -1.184163425027375816e+00 -7.078592936197914298e+00 1.493164062499999556e+00 6.525545978723504281e-02 1.092770001198936636e-01 1.851562500000000000e+00 -7.228335871307328020e+00
-4.278618154184176348e+00 -1.445422909486206553e+00 -1.161472589908620012e+00 -7.208848741319441977e+00 1.489746093750000000e+00 1.343088563874839658e-01 1.298203856084673702e-01 1.828857421875000000e+00 -7.241387918086427788e+00
-4.418113941915414955e+00 -1.060387067880098844e+00 -1.145727836313574111e+00 -7.160708957248261619e+00 1.472656249999999334e+00 9.166838398683035960e-02 8.597147876730953930e-02 1.821289062500000000e+00 -7.104823931384194324e+00
