1.052013307344536186e-01 1.441698953598686272e-01 1.545434152207762202e-01 1.299728833766981284e-01 1.857002778611366312e-02 1.908568316539592871e-02 1.653689546055043397e-02 2.111065667726850364e-02 4.574342874395139619e-02
1.042285485380018417e-01 1.445175257042013439e-01 1.540518813628276029e-01 1.296189620411681287e-01 1.849647144825240092e-02 1.913036648494225583e-02 1.650121755731449522e-02 2.108349324467567037e-02 4.590385978280344531e-02
1.045518409075169020e-01 1.444503718144130588e-01 1.542050529485305133e-01 1.295936266802498182e-01 1.865289447630474190e-02 1.912425922354145727e-02 1.651004314859931890e-02 2.112445003884825395e-02 4.657390913367178559e-02
1.036188636894819770e-01 1.432628252789054923e-01 1.555908366254817599e-01 1.296411785669156214e-01 1.849999649460217638e-02 1.900726629590088548e-02 1.656096834390043473e-02 2.110039216094180062e-02 4.586105959676626403e-02
1.056515125542562689e-01 1.439789640393176195e-01 1.555912906331113066e-01 1.302588660533502141e-01 1.867682559805143583e-02 1.921865333286524105e-02 1.651798946106070379e-02 2.117421142319425922e-02 4.520396415423241082e-02
1.050889735391621893e-01 1.435031315476301972e-01 1.547517512706566567e-01 1.307347153549729413e-01 1.851055817222044958e-02 1.910923335526280853e-02 1.660175906268326895e-02 2.098396468661227129e-02 4.584290354692920760e-02
1.041994588778761277e-01 1.443383856941343746e-01 1.538753605655621692e-01 1.304740946408597668e-01 1.865974287002824736e-02 1.917383404462615071e-02 1.656123183820667685e-02 2.101942224612539031e-02 4.596084490203140166e-02
1.034810823333820184e-01 1.441022698144106551e-01 1.544245536793702744e-01 1.303501624679699877e-01 1.859432851543546192e-02 1.915650116814539977e-02 1.653129792579725865e-02 2.102037345586320327e-02 4.612203292436747176e-02
1.044051958190258950e-01 1.439995382388985778e-01 1.551488784181940528e-01 1.304006151216803577e-01 1.853512372555707333e-02 1.915820542448494826e-02 1.655022070550005164e-02 2.107582368122086838e-02 4.524787287731719954e-02
1.040814658249028385e-01 1.449717980459572231e-01 1.548653917636180211e-01 1.309201088214816955e-01 1.867682559805143583e-02 1.910046938566310401e-02 1.651818602716058348e-02 2.092169506828354605e-02 4.668474901589449166e-02
1.046582330385940340e-01 1.429869624547082663e-01 1.550777824409904360e-01 1.300162965128490999e-01 1.885787481176908267e-02 1.918717737420026423e-02 1.657199845898786952e-02 2.113108690896133707e-02 4.614468676675709952e-02
1.037922810505662874e-01 1.446996230535901318e-01 1.548312201858666193e-01 1.305681175637891933e-01 1.847173317183783275e-02 1.915565957097245878e-02 1.652164201490582268e-02 2.104485178065077650e-02 4.614620355692129056e-02
1.050161829161614102e-01 1.438072287307055053e-01 1.550504324373578047e-01 1.307459972671332349e-01 1.865289447630473843e-02 1.916412361579720655e-02 1.655311134371196050e-02 2.108345976974622393e-02 4.551263023812455316e-02
1.032047595469831464e-01 1.446451025720843497e-01 1.541930741223936918e-01 1.315452282962173425e-01 1.867682559805143583e-02 1.909046485527421053e-02 1.657974052774998514e-02 2.096994273344514326e-02 4.533163615995026291e-02
1.056065067102624627e-01 1.443899380783875697e-01 1.540814280853880780e-01 1.315814770269539136e-01 1.856654738679152511e-02 1.903964072423098078e-02 1.651457203058342982e-02 2.108343371448084813e-02 4.620419510731715862e-02
1.034199000480579972e-01 1.438400091632597855e-01 1.547794733984038107e-01 1.294419524809490851e-01 1.865289447630474190e-02 1.910938013618466644e-02 1.650981684817071082e-02 2.098509017101956795e-02 4.585307641579235843e-02
1.042217358057505872e-01 1.439025661719645632e-01 1.546228576588468129e-01 1.299697605671382150e-01 1.847881250512920306e-02 1.905702185501157581e-02 1.647385527312848763e-02 2.112754557580857548e-02 4.610111346296262569e-02
1.040388762749047125e-01 1.440713685384611975e-01 1.536618728387584010e-01 1.305285993040983805e-01 1.865974287002824736e-02 1.911944754968589871e-02 1.655358044922164082e-02 2.104338805745026991e-02 4.629525731582150722e-02
1.045908831900722591e-01 1.443845361293286944e-01 1.541446448628297772e-01 1.303662820723295312e-01 1.864260546006345914e-02 1.913514556429808666e-02 1.659425110347830662e-02 2.122891658255269751e-02 4.541675061596708862e-02
1.039907045115319728e-01 1.446013581126461278e-01 1.544327228428850896e-01 1.305999266431261685e-01 1.856306476709209188e-02 1.912532542446370928e-02 1.655126841824307304e-02 2.105536297981240243e-02 4.549570415290061370e-02
1.061298580612707182e-01 1.447490799491138458e-01 1.548715147906369327e-01 1.315093870197872328e-01 1.875470606535138696e-02 1.913565289348054255e-02 1.650033588504564580e-02 2.119402184665830982e-02 4.615013066866442693e-02
1.047281690145187433e-01 1.440622444516509726e-01 1.543608554503471397e-01 1.306688420269009610e-01 1.872098585222735020e-02 1.910178764653402972e-02 1.656556620663443558e-02 2.110748334449067537e-02 4.639251853826344141e-02
1.057364807509598714e-01 1.448131126015209658e-01 1.544838277932336912e-01 1.303902240077247920e-01 1.866658251465266177e-02 1.911249073183826641e-02 1.655753803213159958e-02 2.112411249181541870e-02 4.516639843227587131e-02
1.048799622967944850e-01 1.445338607810749409e-01 1.552194551567574188e-01 1.292274383492275081e-01 1.834999603282322367e-02 1.905599249629714650e-02 1.650747290280914562e-02 2.111070837591163402e-02 4.514755516271572178e-02
1.046408874138996942e-01 1.434074588469274047e-01 1.546705345509213625e-01 1.297733583780057709e-01 1.854212235085458266e-02 1.911472735229377898e-02 1.654143304562202821e-02 2.116402964308457951e-02 4.599390363376883173e-02
1.043255255815614679e-01 1.430772311035991284e-01 1.544682802968095625e-01 1.304632419493824969e-01 1.868364341193083991e-02 1.915765302238415721e-02 1.647441308905773019e-02 2.106627994527916423e-02 4.567114317733168838e-02
1.049221372929264595e-01 1.442183292643020864e-01 1.550453747832565288e-01 1.311242609255240943e-01 1.860470993233344708e-02 1.920234004261182903e-02 1.653988289721338226e-02 2.105034273096396263e-02 4.608896115275607636e-02
1.053544120175290144e-01 1.433991456171679335e-01 1.544410467027078349e-01 1.297011241703832085e-01 1.867682559805143236e-02 1.915490767617516327e-02 1.656697000979471396e-02 2.106656799362847249e-02 4.634339178403423798e-02
1.041949101691537483e-01 1.447253476271369299e-01 1.552777583054610611e-01 1.296954621175792355e-01 1.877818196910461396e-02 1.902981804180462269e-02 1.653542145084782589e-02 2.112715710874255373e-02 4.573153544104891638e-02
1.048482597352928397e-01 1.445217712742939142e-01 1.546180040810373746e-01 1.316720399672856590e-01 1.866316378537636114e-02 1.919637583165711980e-02 1.659113421896911064e-02 2.104292525287079774e-02 4.532336472763110607e-02
1.049226087910671013e-01 1.438034077249477627e-01 1.557319230723313297e-01 1.296302326861954457e-01 1.876142422017804470e-02 1.916970625922273866e-02 1.657069936500914220e-02 2.114966522340594457e-02 4.550631254646943930e-02
1.045535826634038379e-01 1.434890612493366080e-01 1.554240340627226213e-01 1.313079451301233658e-01 1.864260546006345914e-02 1.912214985380002522e-02 1.652609045092928025e-02 2.110332297589588915e-02 4.508764711283522186e-02
1.049427132165064586e-01 1.446941470367636706e-01 1.552390838196270051e-01 1.298276178012403581e-01 1.847881250512920306e-02 1.908509339974576169e-02 1.653630719243305569e-02 2.099915952672325170e-02 4.593578894699993503e-02
1.038462426240212011e-01 1.450123808161123129e-01 1.552609493734449786e-01 1.305508557000381320e-01 1.854212235085458266e-02 1.909544386598216806e-02 1.662920710484527484e-02 2.120838349769039663e-02 4.627579463407879845e-02
1.039685145657466975e-01 1.445191277801805285e-01 1.548525083299246707e-01 1.297838356233471935e-01 1.871760193789040461e-02 1.913398874262168051e-02 1.651873783131403359e-02 2.119367665332911460e-02 4.580137985065559081e-02
1.046120265146304462e-01 1.431730454586638002e-01 1.538662432662126489e-01 1.297321685366735478e-01 1.859086362390150945e-02 1.920332442541803492e-02 1.659005799483164248e-02 2.131001168748835814e-02 4.650484376345809245e-02
1.048428294604474426e-01 1.441284534873052137e-01 1.546876281936602759e-01 1.300112598169126388e-01 1.863917140297306069e-02 1.910171327477803993e-02 1.659481561440643085e-02 2.120131919844575955e-02 4.633309189643475268e-02
1.058274957488545831e-01 1.438091986802593758e-01 1.542640285176579973e-01 1.297635045630247674e-01 1.842192472345210996e-02 1.922746598413619182e-02 1.659267234397495197e-02 2.099696475678605040e-02 4.564756089652237392e-02
1.039953772823419276e-01 1.435356370045506313e-01 1.548748069132978855e-01 1.303353326078049434e-01 1.857350596630670883e-02 1.910113628866721286e-02 1.647850548033154630e-02 2.101334480669449570e-02 4.520222080102515722e-02
1.037434410087627046e-01 1.446928473849756480e-01 1.552369310441058803e-01 1.313361441030043431e-01 1.857002778611366312e-02 1.903994051685276370e-02 1.655664331880346909e-02 2.105417282667756962e-02 4.537735560786849282e-02
1.042946189668162715e-01 1.432099591602541133e-01 1.553096613897655687e-01 1.305990808082918286e-01 1.872436760068585046e-02 1.915919710675279344e-02 1.656076975934358750e-02 2.100342072401834362e-02 4.645339611196219048e-02
1.064087943274628079e-01 1.438072705935413143e-01 1.545023945085285122e-01 1.294315726069793226e-01 1.852460904677136894e-02 1.900010574935597635e-02 1.658020350412145461e-02 2.105338557459863688e-02 4.615025205671103442e-02
1.043656359040353726e-01 1.441118106964394407e-01 1.551645368929682745e-01 1.299104438396650740e-01 1.861507148854521856e-02 1.911551023133240684e-02 1.659551185464100409e-02 2.099707703034518758e-02 4.563038211221655954e-02
1.050742203719943479e-01 1.452769337867162169e-01 1.544351973974121273e-01 1.298715026241218651e-01 1.850703985530541967e-02 1.914895547937155509e-02 1.650668181637733600e-02 2.098358795137512250e-02 4.620636989544331386e-02
1.049168348303719245e-01 1.438207895030877703e-01 1.542682584823655001e-01 1.306781092994659665e-01 1.859779119652942708e-02 1.916346213206918808e-02 1.654841636957039147e-02 2.102207465706716974e-02 4.559041083809675654e-02
1.042832338507327788e-01 1.435883893347933149e-01 1.540915253408314256e-01 1.309682888725355321e-01 1.846819012372382871e-02 1.909907265171449653e-02 1.657914818438920718e-02 2.119910691771761252e-02 4.490932660272079630e-02
1.029500243745990196e-01 1.451858324764707664e-01 1.533055725416412052e-01 1.301054190161799184e-01 1.846819012372382871e-02 1.916853121585780639e-02 1.644911460781500745e-02 2.106506743958969433e-02 4.585879298170227047e-02
1.043905464110310710e-01 1.442657019068091240e-01 1.547058794738773724e-01 1.297723628000465868e-01 1.849294415619315984e-02 1.914760759650301417e-02 1.653053339837275149e-02 2.108827995751034676e-02 4.606378288538847537e-02
1.032112273961336701e-01 1.440223362403297569e-01 1.547569841119055267e-01 1.292788290563416653e-01 1.873112460465910234e-02 1.919588432123295677e-02 1.663040231414326248e-02 2.107909722103916070e-02 4.636543765557225166e-02
1.042303532058324739e-01 1.444936463176067221e-01 1.547928470550624380e-01 1.301414954018796089e-01 1.848588282980341557e-02 1.917349450790633084e-02 1.654869270424061053e-02 2.130163962335081609e-02 4.563664468342678443e-02
1.052069359164970463e-01 1.444120127384768970e-01 1.539849928670605772e-01 1.308418357379078634e-01 1.861507148854521163e-02 1.909227342419377721e-02 1.658891426570589800e-02 2.106345088705061097e-02 4.617010034335165131e-02
1.044676700061785840e-01 1.429284689535823272e-01 1.545353039208131884e-01 1.299017726262242656e-01 1.853862415341859388e-02 1.914340726272620655e-02 1.648706663864844477e-02 2.120249697388136567e-02 4.643013288172125747e-02
1.051492730299354722e-01 1.445738341420219064e-01 1.544332751497338174e-01 1.293062953369593648e-01 1.882481868366350786e-02 1.912193867572617792e-02 1.652988151948657503e-02 2.096389207780957262e-02 4.569403525033120805e-02
1.046486222664382015e-01 1.442250580269894555e-01 1.541006293458182519e-01 1.301440953305601778e-01 1.874124389581135683e-02 1.908337946858758294e-02 1.652401565388271487e-02 2.102908724061629611e-02 4.532076148416234324e-02
1.038376550325939562e-01 1.444804058147122761e-01 1.536156248639523325e-01 1.306219966711584801e-01 1.863573515135822853e-02 1.905258378041331177e-02 1.657811496140346869e-02 2.112653995488616987e-02 4.641475486978614146e-02
1.043018555961712918e-01 1.441524245069602250e-01 1.538714252048188624e-01 1.299179089745664539e-01 1.853862415341859735e-02 1.915264507157471777e-02 1.647889513682594675e-02 2.119628391681020393e-02 4.530983785218400950e-02
1.038658964625102099e-01 1.437224168966586002e-01 1.548563570740623396e-01 1.308194450737751313e-01 1.855260357322207482e-02 1.920087654190565443e-02 1.653144514938462845e-02 2.093522524280781727e-02 4.609614374410139076e-02
1.033741463345053124e-01 1.444596977353819200e-01 1.545802487015078552e-01 1.301556905589363322e-01 1.840044207090476419e-02 1.913392352731952198e-02 1.649541891000176966e-02 2.107684794684425503e-02 4.576086867938339992e-02
1.061091412663943273e-01 1.436886037886025425e-01 1.561677562913952877e-01 1.311748274875376152e-01 1.854911205949679939e-02 1.911685295552384423e-02 1.652413663307315123e-02 2.106612244955219371e-02 4.685024609633189896e-02
1.064416764431536516e-01 1.445468043013996007e-01 1.544676059046736494e-01 1.305581090998829963e-01 1.849294415619315984e-02 1.909418413567678594e-02 1.652397459341020669e-02 2.099214127814423569e-02 4.656400706343249984e-02
1.046254969145789665e-01 1.443805459139104741e-01 1.544790885860056473e-01 1.306666594529598269e-01 1.891032431061302407e-02 1.924065999768217322e-02 1.658495144740458616e-02 2.106260076552314217e-02 4.610895149411074756e-02
1.053982064171273547e-01 1.441782103626099709e-01 1.542888907629128281e-01 1.300529396668683724e-01 1.859779119652942708e-02 1.920320251700565264e-02 1.652668711736896001e-02 2.104150876903019760e-02 4.619372848062942155e-02
1.044070673748837413e-01 1.454856148205790622e-01 1.538724080208643819e-01 1.312368206442768026e-01 1.844332554482941422e-02 1.915341604909346837e-02 1.652754735336630157e-02 2.113128317319507357e-02 4.554369621233499144e-02
1.036191461247100709e-01 1.437623886977237309e-01 1.546373701915671195e-01 1.309912872024873720e-01 1.863573515135822506e-02 1.907730617420147143e-02 1.655701278941366580e-02 2.114583952083163090e-02 4.575029353453608644e-02
1.038296180967144683e-01 1.441269565022618715e-01 1.547431855261750533e-01 1.301460082965553988e-01 1.842549720202122168e-02 1.915561930859909986e-02 1.655080067594699722e-02 2.110501628420645079e-02 4.650320799093438096e-02
1.033306178599605607e-01 1.438321586823367304e-01 1.559643298998957262e-01 1.306313462044220719e-01 1.852811617350001716e-02 1.912150385082474202e-02 1.654563935664139090e-02 2.113784217072992022e-02 4.582765341717473517e-02
1.033111906007554426e-01 1.438156638818235411e-01 1.540788356371204371e-01 1.302177569268006541e-01 1.862196817534600077e-02 1.911667207244525934e-02 1.652674512087121475e-02 2.101166194419243349e-02 4.611691491760794293e-02
1.043338643904567070e-01 1.441904641124906739e-01 1.547109894351917925e-01 1.297676168307205780e-01 1.859779119652942361e-02 1.918846294572927949e-02 1.654009756888281252e-02 2.098624610479905492e-02 4.700765382338321918e-02
1.038508338995505625e-01 1.440452749859054138e-01 1.546482895724238249e-01 1.309024047959637671e-01 1.877483471621156641e-02 1.911564211955226258e-02 1.655954689609379776e-02 2.126002212110348136e-02 4.733729168637660495e-02
1.044701336086532872e-01 1.449151623294096802e-01 1.549263536098835770e-01 1.292324820660659124e-01 1.860470993233344361e-02 1.911081019169011755e-02 1.649471601875969126e-02 2.099828982373442426e-02 4.601485004843507837e-02
1.040397732884655729e-01 1.442451874628427333e-01 1.553162582318365348e-01 1.298248813155530035e-01 1.863229670400478807e-02 1.918819865268002120e-02 1.658309505856664368e-02 2.109042175623973212e-02 4.651590953573265380e-02
1.043331272061005233e-01 1.438968344342793082e-01 1.537615806295452858e-01 1.309244607946453698e-01 1.840761206510240638e-02 1.913144784330696874e-02 1.646615168344537847e-02 2.118396756886544927e-02 4.662499572587185809e-02
1.045533631488031051e-01 1.438349421786802029e-01 1.550490469078455724e-01 1.297500650630291352e-01 1.863917140297306069e-02 1.907028095014392730e-02 1.656543037673951710e-02 2.105345313843183172e-02 4.677924759295612467e-02
1.049995945964657951e-01 1.445498738706886832e-01 1.549026220491955264e-01 1.306500827145675170e-01 1.857350596630670536e-02 1.903391442861569402e-02 1.655393251686592196e-02 2.112687074746230978e-02 4.611684369916746462e-02
1.059817068047243932e-01 1.438536630364743441e-01 1.548683145919359794e-01 1.299246467533962945e-01 1.855957992576544660e-02 1.909001235277507647e-02 1.647662848739570723e-02 2.118658959237078310e-02 4.542566800426758172e-02
1.046156558698774774e-01 1.438649237309826412e-01 1.546890544230887232e-01 1.305505657064159053e-01 1.856306476709209535e-02 1.923264777112464186e-02 1.658158906469506255e-02 2.102222919477036295e-02 4.607979023396198415e-02
1.073270984139779866e-01 1.440304674317375577e-01 1.547509434875073420e-01 1.314433044220778835e-01 1.826981145885712976e-02 1.915306589352758215e-02 1.649109368003187984e-02 2.114983172956979782e-02 4.726810463317176331e-02
1.053768888876962379e-01 1.442698768139963061e-01 1.549307768391132434e-01 1.299322892717482691e-01 1.842906740882964065e-02 1.914958146360625987e-02 1.652384909964460524e-02 2.105749223229802861e-02 4.628400782665176294e-02
1.043675985165784803e-01 1.443801262242518091e-01 1.543546243503562121e-01 1.307399645957837420e-01 1.871760193789040114e-02 1.910499640254088513e-02 1.649755397627435116e-02 2.108188966682484136e-02 4.584423427242231147e-02
1.054060229844467483e-01 1.437766216567627209e-01 1.547678099872727975e-01 1.311348987998541549e-01 1.857350596630670536e-02 1.919888805218471217e-02 1.655704596775667281e-02 2.109536055397850593e-02 4.518564010823952759e-02
1.036935144602743747e-01 1.451309585835251215e-01 1.544289290680909976e-01 1.298832538432753425e-01 1.847527396520758786e-02 1.915980747140104759e-02 1.652793805477654338e-02 2.117462737541122089e-02 4.647222408464980054e-02
1.037831546227189761e-01 1.452053725977246468e-01 1.548392282249679841e-01 1.300139268365159417e-01 1.873449986251568208e-02 1.908267524627203088e-02 1.653623998245858789e-02 2.118489164207985886e-02 4.557584309846390846e-02
1.039105025014984696e-01 1.435609789230042066e-01 1.551803785785959566e-01 1.308655091040930307e-01 1.834999603282322714e-02 1.916181643917587787e-02 1.652145473821087229e-02 2.101422617812153185e-02 4.546354720132693428e-02
1.053872348403883386e-01 1.446049918046845850e-01 1.543586590208601561e-01 1.301365433743902345e-01 1.820336762765933925e-02 1.915023554302552541e-02 1.662037080715637188e-02 2.096097109886473769e-02 4.602724714441783910e-02
1.032179471372167839e-01 1.440273199462731024e-01 1.553140725205586492e-01 1.305405382680547011e-01 1.870743718785174842e-02 1.920562131184328294e-02 1.646270647649136429e-02 2.106228571786851120e-02 4.561534415828536609e-02
1.030449536897369150e-01 1.443474652415891457e-01 1.553804154305602758e-01 1.307607723314826720e-01 1.834275274392851984e-02 1.913432964581658624e-02 1.654554953730323283e-02 2.096425944917483519e-02 4.589962862325167731e-02
1.050576320755337578e-01 1.431373204368011909e-01 1.544985068324664923e-01 1.314484450365768498e-01 1.881153664858035285e-02 1.908563122329014553e-02 1.656287707257892913e-02 2.110234257740176839e-02 4.572811151269021851e-02
1.041509196087727074e-01 1.425098542548586811e-01 1.537403180565203586e-01 1.307299301930130997e-01 1.864603732384192622e-02 1.915203248416234155e-02 1.651780577701112904e-02 2.125257580214528694e-02 4.637121498954836774e-02
1.046748324620544873e-01 1.433523940468904301e-01 1.548929544731848795e-01 1.286172223455781527e-01 1.849647144825239745e-02 1.909851215802395308e-02 1.650041790305801712e-02 2.107695996748308251e-02 4.618276923790198829e-02
1.050299068452178464e-01 1.441486782096606800e-01 1.546665282609960557e-01 1.293708606785511916e-01 1.850703985530541967e-02 1.905320128368439420e-02 1.654371709437082311e-02 2.097308171673866253e-02 4.601906192794975869e-02
1.035631795119828225e-01 1.434260076023050334e-01 1.546144492549119676e-01 1.313629008005290644e-01 1.876142422017804817e-02 1.915479723498637182e-02 1.649295645382174713e-02 2.099457083074855041e-02 4.634201526982178326e-02
1.051156454009510716e-01 1.436552529828299951e-01 1.555776264689790467e-01 1.284931033039311554e-01 1.874797929365533064e-02 1.926286296022126227e-02 1.657436927623215026e-02 2.097562465128461826e-02 4.606312891992617176e-02
1.033519837256622886e-01 1.433373235458565431e-01 1.550816139575095787e-01 1.302863668713431233e-01 1.849647144825239745e-02 1.908970124512952490e-02 1.647439409801046070e-02 2.115947188719736333e-02 4.518711956317136846e-02
1.048240611149717921e-01 1.453408624396640703e-01 1.548858419073498582e-01 1.301668070507352448e-01 1.848234879289698332e-02 1.912467810207212071e-02 1.653489484552619904e-02 2.123468271000566315e-02 4.679676012901001769e-02
1.054446858186976477e-01 1.436568289145072341e-01 1.542395998650089584e-01 1.301409742314883489e-01 1.857698192861713046e-02 1.906333996788951018e-02 1.656832439964892045e-02 2.102024867261371305e-02 4.574621864605486754e-02
1.040223745714041886e-01 1.443847468044877902e-01 1.545934113653978925e-01 1.304272050671861083e-01 1.862885605969689246e-02 1.904340899780809435e-02 1.652415611735494685e-02 2.114272584213825953e-02 4.641919675644964188e-02
1.035612641057109817e-01 1.441864660085184768e-01 1.541495676077415666e-01 1.304441518104259568e-01 1.846109725806945739e-02 1.913879856648245670e-02 1.650203447865636677e-02 2.112149339131666123e-02 4.574332900826930115e-02
1.048653835673167972e-01 1.440363247741588137e-01 1.539697032955942846e-01 1.299358221544882064e-01 1.865289447630474190e-02 1.907894943200399984e-02 1.657473242549577230e-02 2.105953835095333501e-02 4.599020901297396630e-02
1.069153001431145528e-01 1.443653888616457104e-01 1.539436842338575140e-01 1.296906255695261800e-01 1.876142422017804470e-02 1.910818186829886522e-02 1.656092693570205762e-02 2.122760248417129500e-02 4.508769881789525397e-02
1.050152271163401763e-01 1.443958738829149713e-01 1.544912115367422512e-01 1.299613356305946987e-01 1.869045251024437776e-02 1.910081469633711365e-02 1.656691412346380718e-02 2.120430263190421771e-02 4.592988477092325994e-02
