-4.173297600645279992e+00 -2.142056734815330987e+00 -2.030077894044933995e+00 -1.002929687499999334e+00 2.700195312499999112e+00 1.259416005991761178e+00 1.240702186749669034e+00 7.382812500000001110e-01 -1.812166564709253525e+00
-4.155748548857489233e+00 -2.107434899181359622e+00 -2.164803630329164896e+00 -9.780273437499995559e-01 2.767211914062499112e+00 1.220297605581145195e+00 1.242375236979743836e+00 7.543945312500002220e-01 -1.792011822553696065e+00
-4.123138424879982722e+00 -2.120215114784021360e+00 -2.121097121222549120e+00 -1.007568359374999112e+00 2.747314453124999112e+00 1.264383210842212391e+00 1.241421106875260527e+00 7.434082031250000000e-01 -1.813236630783988890e+00
-4.135582665302103500e+00 -2.084034786507221071e+00 -2.127760134594861352e+00 -1.019775390624999334e+00 2.763305664062499112e+00 1.251115841274217377e+00 1.246208491405226493e+00 7.150878906250004441e-01 -1.810211805950141750e+00
-4.197754713599026744e+00 -2.072776186973737111e+00 -2.104239149413053234e+00 -1.017659505208332593e+00 2.684204101562498668e+00 1.232306849438196128e+00 1.241760420094189854e+00 7.226562500000000000e-01 -1.797671631083542554e+00
-4.156964751399352842e+00 -2.063246934497377616e+00 -2.100205201232750785e+00 -1.028483072916665853e+00 2.841186523437499112e+00 1.244845390545683772e+00 1.223528567181674465e+00 7.194824218749998890e-01 -1.809321414877798739e+00
-4.120336523710491861e+00 -2.121417560200371533e+00 -2.099741712727846821e+00 -1.012125651041666075e+00 2.682861328124999112e+00 1.237671372891667732e+00 1.260311514179697223e+00 7.468261718750000000e-01 -1.810862266344434257e+00
-4.157576353656807555e+00 -2.077570687812523964e+00 -2.117960099151036335e+00 -1.025716145833332593e+00 2.734497070312499112e+00 1.228968807715593581e+00 1.248224448268723030e+00 7.194824218750002220e-01 -1.809183482466310444e+00
-4.179996275156370622e+00 -2.064701323900169694e+00 -2.073534960555015960e+00 -1.003173828124999334e+00 2.683715820312498668e+00 1.254019502964208055e+00 1.271757376238756843e+00 7.280273437499997780e-01 -1.793279640761297866e+00
-4.156705329947739003e+00 -2.098603261719741209e+00 -2.043131068108700266e+00 -9.939778645833327042e-01 2.746459960937499112e+00 1.241948299152221935e+00 1.239497345723657329e+00 7.285156250000000000e-01 -1.821215629933241820e+00
-4.226037039870749190e+00 -2.087358815728204586e+00 -2.103642916132418605e+00 -9.949544270833328152e-01 2.788818359374999112e+00 1.226986935399653422e+00 1.258078314409771803e+00 7.263183593749998890e-01 -1.809294772535332996e+00
-4.219416187413580488e+00 -2.114592728840118507e+00 -2.108700396577229519e+00 -9.475911458333325932e-01 2.689575195312498224e+00 1.238864561765640415e+00 1.253503090930724539e+00 7.395019531250000000e-01 -1.803355976982380371e+00
-4.063188091426846782e+00 -2.100528035820234507e+00 -2.096213070441280912e+00 -9.818522135416655194e-01 2.763061523437499112e+00 1.247809162593240151e+00 1.233524831057265292e+00 7.004394531250001110e-01 -1.801336426704391647e+00
-4.048928332519945883e+00 -2.086217643214169026e+00 -2.114613346898348567e+00 -1.021321614583332593e+00 2.667480468749999112e+00 1.209714294447131522e+00 1.252840071215749473e+00 7.385253906249998890e-01 -1.803557177211645657e+00
-4.185268928794219967e+00 -2.158364791316161213e+00 -2.092513538480337498e+00 -1.074381510416665630e+00 2.712646484374999112e+00 1.237828144284180087e+00 1.271435413559834027e+00 7.294921874999998890e-01 -1.797689272259736182e+00
-4.120529757630180256e+00 -2.101168878515798255e+00 -2.042498284150683574e+00 -1.017740885416665853e+00 2.716064453124999556e+00 1.226885809041652120e+00 1.252345219669221077e+00 7.373046875000002220e-01 -1.817049993741709946e+00
-4.174216122501107407e+00 -2.067601612291690483e+00 -2.118605768326005556e+00 -1.018554687499999112e+00 2.746093749999999112e+00 1.270730250559755969e+00 1.224314529117710881e+00 7.448730468750002220e-01 -1.799420107757878640e+00
-4.188337966626560771e+00 -2.089501308227255105e+00 -2.096227734735438109e+00 -9.856770833333324822e-01 2.709228515624998668e+00 1.224341171460176403e+00 1.248808774021213486e+00 7.055664062500000000e-01 -1.791853091505803075e+00
-4.213515012654788450e+00 -2.049885916036553901e+00 -2.099055644084898642e+00 -1.031575520833332593e+00 2.763793945312498224e+00 1.223534265569641066e+00 1.269407804544298468e+00 7.409667968750000000e-01 -1.813019277819548414e+00
-4.142985886280817098e+00 -2.142931554424873042e+00 -2.077682013141628925e+00 -1.017822265624999112e+00 2.708496093749999112e+00 1.265827982546275265e+00 1.245760609623205672e+00 7.277832031250001110e-01 -1.820452100392721650e+00
-4.205619573485273044e+00 -2.142956673066239048e+00 -2.167457488266270271e+00 -9.884440104166661856e-01 2.734985351562498668e+00 1.235061798473221062e+00 1.258273996829245789e+00 7.482910156250001110e-01 -1.809434955238389042e+00
-4.165004640386762880e+00 -2.086660152504491883e+00 -2.078037153199463916e+00 -9.755045572916658525e-01 2.704833984374999112e+00 1.205581870894594454e+00 1.227323527112651691e+00 7.416992187500000000e-01 -1.795104561106549923e+00
-4.156649957919374749e+00 -2.117928991485515500e+00 -2.102168780579959595e+00 -1.028076171874999334e+00 2.708007812500000000e+00 1.262260429232747949e+00 1.245023977801256621e+00 7.490234375000001110e-01 -1.802725733952118992e+00
-4.155592667003579876e+00 -2.049362933706541767e+00 -2.064589091402421861e+00 -1.042154947916665408e+00 2.698120117187499112e+00 1.253532710155226271e+00 1.233884471698237117e+00 7.416992187500000000e-01 -1.824119582259419170e+00
-4.287015987443906440e+00 -2.096739936821973238e+00 -2.120177727458160799e+00 -1.034016927083332149e+00 2.709594726562499112e+00 1.224330391216698954e+00 1.265641591929261622e+00 7.441406250000002220e-01 -1.797415838306503533e+00
-4.116033827016034152e+00 -2.102520617859488627e+00 -2.083988362755005763e+00 -1.002197265624999112e+00 2.765502929687499112e+00 1.246094840986624375e+00 1.257053293704245789e+00 7.438964843750000000e-01 -1.793435976199529769e+00
-4.150660198493222985e+00 -2.044643462895582520e+00 -2.067063384395146919e+00 -1.012044270833332593e+00 2.723632812499998668e+00 1.287573232178825133e+00 1.247373549495715217e+00 7.451171875000002220e-01 -1.792274075569252556e+00
-4.142197255728971683e+00 -2.070481679041416001e+00 -2.152112563036195692e+00 -9.987792968749995559e-01 2.754882812499999112e+00 1.237780557987215868e+00 1.270862484583277663e+00 7.390136718750000000e-01 -1.788493343978151628e+00
-4.098524232267496181e+00 -2.107437550167126528e+00 -2.032723402608305641e+00 -1.023763020833332593e+00 2.718139648437499112e+00 1.265405254665702417e+00 1.233819279485161013e+00 7.216796874999997780e-01 -1.818810267886178389e+00
-4.222546383812460391e+00 -2.146776425742313421e+00 -2.092077925382812342e+00 -9.840494791666659635e-01 2.753906249999999112e+00 1.274002483536825991e+00 1.236961383412184423e+00 7.412109375000002220e-01 -1.805570447829292879e+00
-4.210440223544355653e+00 -2.080514167698119810e+00 -2.132780007597787630e+00 -9.794921874999991118e-01 2.687133789062498668e+00 1.241558167378187472e+00 1.243814671452191156e+00 7.277832031250002220e-01 -1.787328105309486936e+00
-4.202116666372529785e+00 -2.143286403846521804e+00 -2.074811599350714353e+00 -9.982910156249991118e-01 2.701782226562499112e+00 1.255573204387713915e+00 1.228508912625182692e+00 7.194824218749997780e-01 -1.806671621569547970e+00
-4.095778433994603063e+00 -2.113450719677602674e+00 -1.995588327694565844e+00 -9.918619791666660745e-01 2.705444335937499112e+00 1.245561950321696143e+00 1.283565855820824275e+00 7.421875000000000000e-01 -1.791814942329391425e+00
-4.230784130712982538e+00 -2.097216891816203521e+00 -2.108747366341737539e+00 -1.044921874999999334e+00 2.746704101562499112e+00 1.217475614735674672e+00 1.208414025451086005e+00 7.282714843750000000e-01 -1.808294289198798310e+00
-4.137715698772794326e+00 -2.121188991038172933e+00 -2.129923280412223008e+00 -1.005696614583332149e+00 2.705688476562498668e+00 1.277539545717290448e+00 1.257647783167757494e+00 7.097167968750000000e-01 -1.782950198009024989e+00
-4.077171765394748348e+00 -2.059552519652026792e+00 -2.129817944107272876e+00 -9.955240885416656305e-01 2.759521484374998668e+00 1.239634661602688981e+00 1.253837577670248171e+00 7.072753906249997780e-01 -1.809817609547251571e+00
-4.104809329660145778e+00 -2.119926400004175093e+00 -2.120414716514257059e+00 -9.999999999999992228e-01 2.710449218749999112e+00 1.237799396968239707e+00 1.271983549791294132e+00 7.277832031250000000e-01 -1.813804513165117038e+00
-4.189072766481181986e+00 -2.096870391768288933e+00 -2.085934300926020502e+00 -1.007975260416665630e+00 2.661865234374999112e+00 1.276771806229821227e+00 1.264103136072287192e+00 7.116699218750004441e-01 -1.787085924339868237e+00
-4.163321303035379728e+00 -2.077203675486626544e+00 -2.113247559792957198e+00 -9.787597656249993339e-01 2.765747070312499112e+00 1.239854264858697652e+00 1.260738707383323831e+00 7.565917968749998890e-01 -1.811717485122402271e+00
-4.161674278615313582e+00 -2.075659160085334243e+00 -2.088052617212431183e+00 -9.973144531249993339e-01 2.691894531249999112e+00 1.244820853176692665e+00 1.253035137102766816e+00 7.438964843749997780e-01 -1.803938814293853055e+00
-4.093679661371877998e+00 -2.057703788528251199e+00 -2.104348369768683558e+00 -1.009928385416665630e+00 2.723754882812499112e+00 1.239780652751723666e+00 1.253854928210254460e+00 7.282714843749997780e-01 -1.815269647551304155e+00
-4.206595316966833309e+00 -2.095624860638110043e+00 -2.075134108041929437e+00 -1.012858072916665630e+00 2.713867187499999556e+00 1.250338554608183994e+00 1.205634539047069520e+00 7.480468750000000000e-01 -1.807518781609969594e+00
-4.215210838806690674e+00 -2.073470314354232791e+00 -2.073958886240419464e+00 -1.020426432291665630e+00 2.721313476562499112e+00 1.285528272623283730e+00 1.215520129386094883e+00 7.160644531250000000e-01 -1.809098218207296993e+00
-4.116251307668526316e+00 -2.141897532553075134e+00 -2.094042411898664469e+00 -1.005777994791665853e+00 2.714965820312500000e+00 1.258198279748796944e+00 1.239442572597707626e+00 7.287597656250003331e-01 -1.805402750875209072e+00
-4.087958544679635153e+00 -2.122198440280897547e+00 -2.093826146681043721e+00 -1.003580729166666075e+00 2.712402343749998224e+00 1.228957410939659933e+00 1.254370723711281777e+00 7.348632812500004441e-01 -1.804698169147506137e+00
-4.021060420015142967e+00 -2.084556571032402328e+00 -2.098538686039122414e+00 -1.021728515624999334e+00 2.705688476562499112e+00 1.243732384075213915e+00 1.228318928593675752e+00 7.551269531250001110e-01 -1.803127698456368000e+00
-4.175152338423250953e+00 -2.097640526865419464e+00 -2.118566892559125225e+00 -1.018229166666665853e+00 2.712036132812498224e+00 1.276979757333790877e+00 1.228437405491683343e+00 7.512207031250002220e-01 -1.789132552914603380e+00
-4.065277915773421569e+00 -2.052842245879019867e+00 -2.132568463079326015e+00 -9.831542968749991118e-01 2.661376953124998224e+00 1.259654192852688759e+00 1.241171012486188330e+00 7.644042968750000000e-01 -1.808872916563321720e+00
-4.230487867947798186e+00 -2.076807810064542625e+00 -2.113351081760620254e+00 -9.684244791666655194e-01 2.724365234374998668e+00 1.283463241021804757e+00 1.226573754697645402e+00 6.953125000000002220e-01 -1.786242793668219919e+00
-4.150659581960766786e+00 -2.067046976283865689e+00 -2.111347684217806719e+00 -1.023844401041666297e+00 2.716552734375000000e+00 1.248992804288648006e+00 1.310982856771446547e+00 7.307128906249997780e-01 -1.798049965387444660e+00
-4.215481278247845687e+00 -2.088068153415150174e+00 -2.073951699411434646e+00 -1.008463541666666075e+00 2.729125976562499112e+00 1.233477861292757494e+00 1.262700507653327087e+00 7.180175781250002220e-01 -1.777030241437097313e+00
-4.171554223456494626e+00 -2.117113119688790235e+00 -2.124010655987373930e+00 -1.017089843749998890e+00 2.708862304687498224e+00 1.252486745495201115e+00 1.266589407113320576e+00 7.473144531250000000e-01 -1.801760097013690221e+00
-4.195000654102603477e+00 -2.134475164327110264e+00 -2.097467602737732140e+00 -9.803059895833325932e-01 2.734374999999998668e+00 1.218083605948595105e+00 1.260461715275680961e+00 7.370605468749998890e-01 -1.799873978564053179e+00
-4.145055039679039766e+00 -2.069863233481286979e+00 -2.056858623403293507e+00 -1.026529947916665630e+00 2.702880859374999112e+00 1.206148846107078842e+00 1.247028282512713915e+00 7.199707031249997780e-01 -1.803975149132976963e+00
-3.986100195960927461e+00 -2.039156904389693548e+00 -2.076580729343361575e+00 -1.004150390624999556e+00 2.736572265624999112e+00 1.255919959811733211e+00 1.244812433282794784e+00 7.438964843749998890e-01 -1.787185852893038440e+00
-4.116901785692859583e+00 -2.079359599214920973e+00 -2.136236561478479956e+00 -1.008138020833332593e+00 2.751098632812499112e+00 1.266545775387200035e+00 1.254586478176692887e+00 7.502441406249998890e-01 -1.804490363361630045e+00
-4.166947513525536273e+00 -2.126660303977530031e+00 -2.134250223839485816e+00 -1.008707682291666075e+00 2.743408203124999112e+00 1.220486973080195048e+00 1.268033923441278743e+00 7.609863281249997780e-01 -1.811951462036380800e+00
-4.079051075801792159e+00 -2.133249123970494487e+00 -2.115417857179222594e+00 -1.010091145833332593e+00 2.794799804687499112e+00 1.214583349821618308e+00 1.240344034549715868e+00 7.155761718750002220e-01 -1.787185852893038440e+00
-4.116104462240969930e+00 -2.075561988298176619e+00 -2.050522619305332750e+00 -1.006103515624998668e+00 2.779052734374999112e+00 1.280059029397318193e+00 1.239145763820232560e+00 7.492675781250000000e-01 -1.805951904333324975e+00
-4.265641977714242472e+00 -2.047960014651394101e+00 -2.141698873251565605e+00 -1.027099609374999112e+00 2.742919921874998668e+00 1.219962502309164698e+00 1.270870543320823831e+00 7.453613281250004441e-01 -1.825871216393967211e+00
-4.243907235319023918e+00 -2.087256165669103769e+00 -2.084386368410645840e+00 -1.038574218749999334e+00 2.712890624999999112e+00 1.235174321607156900e+00 1.259548856547738849e+00 6.992187500000000000e-01 -1.814460782005387962e+00
-4.243286068252965393e+00 -2.135402687349210016e+00 -2.107214644132812786e+00 -1.015055338541665853e+00 2.702148437499999112e+00 1.255288664294734291e+00 1.229529468007654724e+00 7.526855468750000000e-01 -1.815633608197235960e+00
-4.231866883796452150e+00 -2.106793985965631943e+00 -2.083345996358342056e+00 -1.000732421874998890e+00 2.770019531249998224e+00 1.252392805966185074e+00 1.245755527767695270e+00 7.272949218750002220e-01 -1.793551005001138066e+00
-4.163452955786526744e+00 -2.022399477665824286e+00 -2.065514800087234093e+00 -1.041666666666665853e+00 2.762207031249999112e+00 1.256854017870278950e+00 1.264210577350712184e+00 7.348632812500001110e-01 -1.791706047870030627e+00
-4.130850089158169425e+00 -2.049184927723343375e+00 -2.159245564689776575e+00 -1.021565755208332593e+00 2.720336914062499112e+00 1.222578647024139542e+00 1.223666499593162538e+00 7.199707031249998890e-01 -1.806163884806067488e+00
-4.172131961282418366e+00 -2.121604567349841819e+00 -2.045086298082174459e+00 -1.010579427083332149e+00 2.785034179687499112e+00 1.246482867787184423e+00 1.246548060000260527e+00 7.294921875000000000e-01 -1.822991475540511441e+00
-4.182536359264587666e+00 -2.104798682420447431e+00 -2.023172334268886097e+00 -9.819335937499988898e-01 2.714477539062499556e+00 1.255568122532203290e+00 1.256715213550229304e+00 7.414550781250000000e-01 -1.787613552571110098e+00
-4.140623085843095019e+00 -2.104202087983461311e+00 -2.115256585203573181e+00 -1.036783854166666075e+00 2.693969726562499112e+00 1.300069268844859183e+00 1.246382613337745138e+00 7.434082031250001110e-01 -1.801184446531202354e+00
-4.172319602594384058e+00 -2.095928530348301511e+00 -2.070818015378308896e+00 -9.907226562499991118e-01 2.728027343750000000e+00 1.269609185351739500e+00 1.252902903079245789e+00 7.189941406250002220e-01 -1.805466635225442706e+00
-4.135898348320685258e+00 -2.071912147607672949e+00 -2.108076578525402756e+00 -9.866536458333323711e-01 2.753051757812499112e+00 1.284615413895341396e+00 1.243028348359803026e+00 7.517089843750000000e-01 -1.793691333022287893e+00
-4.142531742468495537e+00 -2.093036265434244925e+00 -2.101232326911751436e+00 -1.029785156249998890e+00 2.707519531249999112e+00 1.214066321255677705e+00 1.239800724797661235e+00 7.202148437499998890e-01 -1.809457678270093073e+00
-4.075144226899377387e+00 -2.151188087416296302e+00 -2.120862237139926609e+00 -9.847005208333324822e-01 2.817016601562499112e+00 1.226694336569127408e+00 1.209696943907125455e+00 7.131347656250000000e-01 -1.795415127009538869e+00
-4.205512185096971223e+00 -2.117114863505913824e+00 -2.119582330826004668e+00 -9.798177083333324822e-01 2.642578124999999556e+00 1.245525760800665349e+00 1.265564386407794562e+00 7.395019531249995559e-01 -1.787394385269382546e+00
-4.104259977993813813e+00 -2.071406480557584029e+00 -2.103080406242987976e+00 -1.007324218749999556e+00 2.749633789062499112e+00 1.208388871549637811e+00 1.263029040628778743e+00 7.470703124999998890e-01 -1.816689155295907687e+00
-4.209518997812639718e+00 -2.104086587967489930e+00 -2.089322395075413841e+00 -1.033854166666665630e+00 2.763793945312499112e+00 1.282230885744765292e+00 1.238398096378700686e+00 7.382812500000000000e-01 -1.797992215379459413e+00
-4.156359464062322040e+00 -2.091378134874432693e+00 -2.081377951688079708e+00 -1.004638671874999334e+00 2.701171875000000000e+00 1.235965981931160584e+00 1.236588602178156027e+00 7.297363281250008882e-01 -1.820178340543220141e+00
-4.221194732618974932e+00 -2.103111513908507924e+00 -2.128614336146174235e+00 -1.011962890624999112e+00 2.655639648437499556e+00 1.255306886743302597e+00 1.213848822973143449e+00 7.727050781249997780e-01 -1.821418644499794404e+00
-4.220307247908503534e+00 -2.107808552323950035e+00 -2.119110202311180302e+00 -1.014729817708332593e+00 2.731933593749999112e+00 1.291857961800820798e+00 1.244514752596758145e+00 7.604980468750000000e-01 -1.810469703700655630e+00
-4.206191974079578344e+00 -2.080282912290071451e+00 -2.179625317853121746e+00 -1.052001953124999334e+00 2.710937499999999112e+00 1.245088914638227573e+00 1.249033459132732560e+00 7.424316406250000000e-01 -1.790635545841014808e+00
-4.161285309386027365e+00 -2.101126409334426626e+00 -2.135466065224997934e+00 -1.019449869791666075e+00 2.729248046874998668e+00 1.290663284485830120e+00 1.261162412952704592e+00 7.131347656250004441e-01 -1.792729725452632428e+00
-4.245024962488653131e+00 -2.101319986780425531e+00 -2.087944559401549327e+00 -1.020833333333332371e+00 2.748168945312499112e+00 1.176880101890562802e+00 1.259864504306237976e+00 7.204589843750001110e-01 -1.803656379174348068e+00
-4.303341103848554283e+00 -2.096044902272834687e+00 -2.059919637758170996e+00 -1.062337239583332149e+00 2.663818359374998224e+00 1.248444668057187679e+00 1.255623767566714566e+00 7.377929687500001110e-01 -1.791745104215085593e+00
-4.232666893494190674e+00 -2.110670290844861352e+00 -2.101282273558295444e+00 -1.035563151041666075e+00 2.760864257812498668e+00 1.226838222744687457e+00 1.262236763772318193e+00 7.153320312500000000e-01 -1.811029492084155201e+00
-4.124692346419511324e+00 -2.087891089860677063e+00 -2.117623252061932693e+00 -1.007080078124999334e+00 2.711669921874999556e+00 1.199659664031098583e+00 1.259254152743737976e+00 7.365722656250000000e-01 -1.811387173069745282e+00
-4.099799003835784994e+00 -2.081883583478085775e+00 -2.078477592776393656e+00 -1.005371093749999334e+00 2.724487304687499556e+00 1.247882774700213471e+00 1.226130338238678785e+00 7.380371093750002220e-01 -1.801989863980719919e+00
-4.199656949523755678e+00 -2.062063653958321474e+00 -2.079652814577904074e+00 -1.022705078124999334e+00 2.718627929687499112e+00 1.253325375583713264e+00 1.242094906833713264e+00 7.504882812500000000e-01 -1.793482945964037567e+00
-4.252754611469343082e+00 -2.062347542258762711e+00 -2.050789808858306085e+00 -1.012695312499999112e+00 2.750122070312498668e+00 1.200163190847629791e+00 1.270933991716777012e+00 7.236328125000000000e-01 -1.796895542222340048e+00
-4.147943746438684798e+00 -2.081596321879174649e+00 -2.142610824810863956e+00 -1.022379557291665853e+00 2.659912109374999556e+00 1.254553882070154724e+00 1.263856018565251205e+00 7.055664062499998890e-01 -1.822787734383490843e+00
-4.073436061542815345e+00 -2.113016559761013990e+00 -2.113421100453101609e+00 -1.028076171874999112e+00 2.728393554687499112e+00 1.206817819586126106e+00 1.279579423417321671e+00 7.507324218749997780e-01 -1.804319654265428508e+00
-4.204588035373340915e+00 -2.085095706097590540e+00 -2.072990417738048485e+00 -1.017578124999999112e+00 2.691894531249999112e+00 1.292832419327346161e+00 1.265539849038803677e+00 7.023925781250002220e-01 -1.797307961073798088e+00
-4.278930326496818815e+00 -2.050430749489708493e+00 -2.128123403910407330e+00 -9.830729166666658525e-01 2.720336914062499556e+00 1.255111820856284810e+00 1.215360636487651913e+00 7.202148437500004441e-01 -1.811265864607795484e+00
-4.173301484695960184e+00 -2.146575987363597893e+00 -2.098254181206224978e+00 -9.828287760416657415e-01 2.744018554687499112e+00 1.238936940807701337e+00 1.250534492403762910e+00 7.092285156250004441e-01 -1.798404198276636112e+00
-4.161994717593136883e+00 -2.097371558235241462e+00 -2.043020359312052392e+00 -1.030110677083332593e+00 2.746948242187498668e+00 1.208467565512122199e+00 1.248363869121228653e+00 7.507324218750005551e-01 -1.802827296264401191e+00
-4.206278929265590882e+00 -2.103074161842729328e+00 -2.097316785109292425e+00 -1.026936848958332149e+00 2.744506835937500000e+00 1.289521275323314731e+00 1.244487238345730606e+00 7.480468750000005551e-01 -1.811762821127798517e+00
-4.174777346435501357e+00 -2.084442233561180302e+00 -2.116990978856125860e+00 -9.902343749999992228e-01 2.783203124999999556e+00 1.249808385449186376e+00 1.235237408846758367e+00 7.231445312500004441e-01 -1.793742332155569219e+00
-4.138187774397497520e+00 -2.036183840539677270e+00 -2.072713971642697217e+00 -1.012288411458332815e+00 2.732543945312499112e+00 1.199054394324108541e+00 1.276721859583277441e+00 7.219238281250000000e-01 -1.799475607474296135e+00
-4.224679672659257257e+00 -2.053861568196577725e+00 -2.043269907688831655e+00 -1.016682942708332593e+00 2.694824218749998668e+00 1.247841503323672718e+00 1.251274717640204592e+00 7.211914062500000000e-01 -1.793039238868884278e+00
-4.200670406227448694e+00 -2.104990736165346821e+00 -2.124974659166690927e+00 -9.905598958333328152e-01 2.756835937499999112e+00 1.271610152024808871e+00 1.231726117100198525e+00 7.465820312499998890e-01 -1.798208841753431875e+00
-4.160745214262074221e+00 -2.098507904269871993e+00 -2.050612674783669043e+00 -9.947916666666659635e-01 2.713134765625000000e+00 1.240464616421197652e+00 1.233164935040188981e+00 7.368164062500000000e-01 -1.788357045325775108e+00
-4.217243564937818157e+00 -2.093399499489708493e+00 -2.116178445097787630e+00 -9.777018229166658525e-01 2.705322265624999112e+00 1.243678844014177054e+00 1.237223746485752507e+00 7.053222656250002220e-01 -1.784444806301620723e+00
