-3.733100531508140918e+00 -6.801275243027126827e+00 -7.015483711712317216e+00 -9.516004774305553582e+00 9.160156250000000000e-01 5.790127304930859919e-01 5.928234098131354157e-01 1.731933593750000000e+00 -1.078897959945629559e+01
-3.614062213213925290e+00 -6.699407383398213511e+00 -7.069426022989254932e+00 -9.599527994791664298e+00 9.057617187499993339e-01 5.798758979505891364e-01 5.905791744236275065e-01 1.733398437500000444e+00 -1.087645356467557356e+01
-3.714196367078188565e+00 -6.936933280964131754e+00 -7.103212464825971573e+00 -9.729139539930558911e+00 9.277343749999995559e-01 5.671010195795428421e-01 5.677915535455452245e-01 1.718505859375000000e+00 -1.079596381793474791e+01
-3.743454912323604944e+00 -6.876665359499065211e+00 -6.830575555796081666e+00 -9.586100260416660745e+00 9.062500000000000000e-01 6.028361523201719585e-01 5.620946483260247373e-01 1.757568359374999556e+00 -1.087464280215003321e+01
-3.856777451157191727e+00 -7.053773919759864341e+00 -7.006627638628832422e+00 -9.551757812499996447e+00 9.311523437499995559e-01 5.567430100895054412e-01 6.019729848626682589e-01 1.719726562500000000e+00 -1.094683662938034630e+01
-3.804399035406457408e+00 -7.023267016098098559e+00 -6.919577362357177464e+00 -9.464057074652775015e+00 9.077148437499995559e-01 5.638209832410311373e-01 5.769411285950782897e-01 1.699462890625000888e+00 -1.082244476163359614e+01
-3.592502869804743426e+00 -7.069501603062492201e+00 -7.282456797693436457e+00 -9.520670572916662522e+00 9.287109374999995559e-01 5.686547210030484800e-01 5.854001696786087505e-01 1.710937500000000222e+00 -1.080842228241897907e+01
-3.738634385674806992e+00 -7.083767905072070548e+00 -7.068654229200370231e+00 -9.585883246527775015e+00 9.194335937499995559e-01 5.759053276460747162e-01 5.658925851390385064e-01 1.752929687500000000e+00 -1.082450195461355058e+01
-3.769951321705004688e+00 -6.854876073657726110e+00 -6.822509560914692628e+00 -9.611735026041662522e+00 9.111328124999995559e-01 5.532903402594933073e-01 5.793579974760869611e-01 1.718750000000000222e+00 -1.093293255654357310e+01
-3.897868044566370038e+00 -6.828926245579721943e+00 -7.033010719454788173e+00 -9.818386501736108940e+00 9.311523437499997780e-01 5.824654003230982369e-01 5.845370022211056060e-01 1.713134765625000000e+00 -1.079432899167901283e+01
-3.647046633225044410e+00 -6.948587013034908999e+00 -6.798488744077973323e+00 -9.734266493055555358e+00 9.575195312499995559e-01 5.469029010739702157e-01 5.664104856135405708e-01 1.719970703125000222e+00 -1.081811350247913950e+01
-3.723497666924804328e+00 -6.995694831926551949e+00 -7.209482055122516719e+00 -9.644178602430551805e+00 9.023437499999995559e-01 5.418965298204521108e-01 5.726252913075627893e-01 1.727783203125000000e+00 -1.085978372730021491e+01
-3.627138850079146160e+00 -6.969019793490523362e+00 -7.245783017152638728e+00 -9.645236545138887507e+00 9.277343749999995559e-01 5.933413102876374801e-01 5.860907036446113549e-01 1.696289062500000444e+00 -1.087912477315268589e+01
-3.593005524712715726e+00 -6.871635323274415619e+00 -7.014863177800473082e+00 -9.502848307291666075e+00 9.311523437499995559e-01 5.993834824901593805e-01 5.603683134110182262e-01 1.743896484375000222e+00 -1.086473368739090617e+01
-3.872279570554776562e+00 -7.036887474648855445e+00 -7.118070105133173620e+00 -9.437282986111110716e+00 9.155273437499995559e-01 5.569156435810064254e-01 5.929960433046359558e-01 1.702392578125000000e+00 -1.085298981874954016e+01
-3.761842048187611809e+00 -7.073947276747309942e+00 -7.157990441898034462e+00 -9.786078559027775015e+00 9.277343749999995559e-01 6.107772929292001329e-01 5.871265045936149285e-01 1.703369140625000000e+00 -1.086209481964422707e+01
-3.673533460167798026e+00 -6.827000921433818093e+00 -7.138464124157684942e+00 -9.740044487847221433e+00 9.033203124999995559e-01 6.187184335382290845e-01 5.904065409321266333e-01 1.656494140625000000e+00 -1.086086696495032555e+01
-3.825781244741001785e+00 -6.923805313610324141e+00 -7.201844729297120828e+00 -9.587022569444444642e+00 9.287109375000000000e-01 5.619220148345245303e-01 5.648567841900349329e-01 1.735839843750000000e+00 -1.078793708717043742e+01
-3.839044598119506269e+00 -7.131443097609193593e+00 -7.147362745498232250e+00 -9.619140624999994671e+00 9.262695312500000000e-01 5.843643687296052880e-01 5.612314808685217038e-01 1.678955078125000222e+00 -1.091397343413173182e+01
-3.776471320810320442e+00 -7.028178675644611850e+00 -7.199257618501157197e+00 -9.576253255208328596e+00 9.150390624999995559e-01 5.688273544945493532e-01 5.726252913075625672e-01 1.765869140625000222e+00 -1.079662091914573097e+01
-3.738892829437613585e+00 -7.009740173196646218e+00 -6.899875670981079345e+00 -9.396565755208332149e+00 9.423828125000000000e-01 5.551893086660000254e-01 5.995561159816598096e-01 1.728271484375000222e+00 -1.083032659327345648e+01
-3.726443278142439475e+00 -7.007622136974331006e+00 -7.242475179960028875e+00 -9.414388020833330373e+00 9.374999999999995559e-01 5.981750480496549338e-01 5.622672818175252774e-01 1.750244140624999556e+00 -1.087806203922502846e+01
-3.787807055345104423e+00 -7.177583222193012702e+00 -6.808309521998595848e+00 -9.613172743055555358e+00 9.296874999999995559e-01 5.546714081914984051e-01 5.465576340909689135e-01 1.743408203125000000e+00 -1.087460567020027824e+01
-3.794652575283751439e+00 -7.260584258885667275e+00 -7.130621830649330306e+00 -9.634331597222217880e+00 8.857421874999995559e-01 5.707263229010560712e-01 5.817748663570958545e-01 1.733398437500000444e+00 -1.091469754189308006e+01
-3.665503946278909631e+00 -6.877373730069289870e+00 -7.175804275040488456e+00 -9.682996961805553582e+00 9.121093749999995559e-01 5.664104856135403487e-01 5.917876088641316201e-01 1.755126953125000000e+00 -1.084404511214169453e+01
-3.848385777780374717e+00 -7.026249963105736462e+00 -7.196713304799393640e+00 -9.698676215277776791e+00 9.321289062499995559e-01 5.784948300185843717e-01 5.772863955780795919e-01 1.718017578125000000e+00 -1.084771437308559783e+01
-3.672866494783495916e+00 -7.137603098950302538e+00 -6.905079188407095003e+00 -9.471896701388883955e+00 9.208984374999995559e-01 5.463850005994681513e-01 5.928234098131355267e-01 1.742919921875000444e+00 -1.086193674466663950e+01
-3.781926965408149321e+00 -7.182342974103059774e+00 -6.949750956429376458e+00 -9.771375868055551805e+00 9.311523437499995559e-01 6.088783245226936369e-01 5.696905219520523866e-01 1.722900390625000000e+00 -1.082832316047056054e+01
-3.703181362157415890e+00 -7.252984499192398182e+00 -7.215791722119401008e+00 -9.682318793402773238e+00 9.458007812499997780e-01 5.650294176815354730e-01 5.928234098131355267e-01 1.710693359375000444e+00 -1.086898455258137197e+01
-3.818662907381580318e+00 -6.921249092380413970e+00 -7.001437324249810246e+00 -9.566541883680553582e+00 9.291992187499995559e-01 5.584693450045118412e-01 5.429323307694560174e-01 1.715087890625000000e+00 -1.087231881603353933e+01
-3.566805888848703532e+00 -6.909790363742722263e+00 -7.099912350391848648e+00 -9.755669487847217880e+00 9.433593749999995559e-01 5.779769295440819743e-01 5.752147936800720007e-01 1.706542968750000222e+00 -1.089588673571977395e+01
-3.659288753069970923e+00 -6.956172374382209256e+00 -6.792824472241633771e+00 -9.636501736111110716e+00 9.262695312499995559e-01 5.650294176815356950e-01 5.660652186305389355e-01 1.752685546875000000e+00 -1.089819884956820495e+01
-3.939797946215166213e+00 -6.918648778537462185e+00 -6.634664742229965384e+00 -9.660047743055553582e+00 9.033203124999997780e-01 5.845370022211056060e-01 5.741789927310685382e-01 1.741943359375000444e+00 -1.082027980147894475e+01
-3.640060758906680682e+00 -6.829143669308973763e+00 -7.057821863820024078e+00 -9.637424045138885731e+00 9.121093749999997780e-01 5.973118805921516783e-01 5.591598789705141126e-01 1.723876953125000000e+00 -1.087121415893680343e+01
-3.543283838000874653e+00 -7.145156823241551436e+00 -6.993863471997658898e+00 -9.741889105902773238e+00 9.370117187499995559e-01 5.859180701531109259e-01 5.664104856135402377e-01 1.711914062500000444e+00 -1.086034038920581857e+01
-3.904107193871928061e+00 -6.983237569280269064e+00 -7.121115728848075754e+00 -9.569118923611110716e+00 9.189453124999993339e-01 5.740063592395678871e-01 5.961034461516473426e-01 1.738281250000000222e+00 -1.086320285859496337e+01
-3.889916740246320614e+00 -6.958036218098423653e+00 -7.073551838968622718e+00 -9.441080729166664298e+00 9.257812499999995559e-01 5.724526578160622492e-01 5.574335440555080456e-01 1.721435546875000000e+00 -1.082391791949724791e+01
-3.844396526992213126e+00 -7.058514540036146201e+00 -7.158922313890852429e+00 -9.608968098958330373e+00 8.955078124999993339e-01 6.133667953017095664e-01 5.684820875115477179e-01 1.684814453125000000e+00 -1.087659134749120327e+01
-3.745076175211283775e+00 -7.051513292880840389e+00 -7.097833275061783631e+00 -9.852349175347217880e+00 9.165039062499995559e-01 5.895433734746237109e-01 6.040445867606760721e-01 1.727294921875000000e+00 -1.089976068024942180e+01
-3.696611900799200434e+00 -6.901998290895337007e+00 -7.215653266367056951e+00 -9.482855902777776791e+00 9.160156249999995559e-01 6.093962249971951461e-01 5.696905219520520536e-01 1.722900390625000444e+00 -1.092753637941228995e+01
-3.699635721585673664e+00 -7.111352295963479619e+00 -7.023154069353878981e+00 -9.611924913194442865e+00 9.379882812499997780e-01 5.852275361871080994e-01 5.721073908330611690e-01 1.741210937500000444e+00 -1.086551398619905662e+01
-3.840716873319747648e+00 -6.812101828927250580e+00 -6.974993809186577742e+00 -9.773057725694442865e+00 9.096679687499995559e-01 5.705536894095557532e-01 5.755600606630734140e-01 1.712158203125000000e+00 -1.087470512326131988e+01
-3.863498540433757178e+00 -6.829895932541798942e+00 -7.102929176436227010e+00 -9.831651475694441089e+00 9.223632812500000000e-01 5.852275361871082104e-01 5.943771112366411646e-01 1.713623046875000222e+00 -1.094207468938801675e+01
-3.747725012911523379e+00 -7.000676341931368896e+00 -7.073173340708307499e+00 -9.623399522569439313e+00 9.072265624999995559e-01 5.750421601885716827e-01 5.560524761235029478e-01 1.725097656250000444e+00 -1.081633405917960999e+01
-3.844963017811050321e+00 -7.010316365169011021e+00 -7.294134942714640246e+00 -9.638319227430551805e+00 9.199218749999995559e-01 5.990382155071580783e-01 5.755600606630735250e-01 1.753417968750000000e+00 -1.084320027291300548e+01
-3.838374391575546163e+00 -6.989743285902655145e+00 -7.053552161665096243e+00 -9.383626302083333925e+00 9.018554687499993339e-01 5.648567841900347108e-01 5.560524761235032809e-01 1.693603515625000222e+00 -1.097418397279483671e+01
-3.636878968922861333e+00 -7.067932257639463423e+00 -7.293188173722993106e+00 -9.506917317708328596e+00 9.018554687499997780e-01 5.667557525965418730e-01 5.793579974760869611e-01 1.729492187499999778e+00 -1.088724362910872223e+01
-3.759272970115874024e+00 -7.172194815179646632e+00 -7.025404731983028839e+00 -9.727322048611108940e+00 9.052734375000000000e-01 5.703810559180551021e-01 5.765958616120767655e-01 1.677734375000000222e+00 -1.084724166329839967e+01
-3.762749983557418965e+00 -7.114994339342215035e+00 -7.160458477901854302e+00 -9.676730685763887507e+00 9.389648437499995559e-01 5.904065409321269664e-01 5.793579974760869611e-01 1.739257812500000000e+00 -1.083338430485002846e+01
-3.844894390680858365e+00 -6.938701466511496996e+00 -6.928289798591527493e+00 -9.489746093749998224e+00 9.042968749999995559e-01 5.695178884605516245e-01 5.769411285950780677e-01 1.698486328125000000e+00 -1.089312576240051200e+01
-3.844099753474820247e+00 -7.241208254560519642e+00 -7.079534075097431156e+00 -9.615451388888885731e+00 9.223632812499995559e-01 5.931686767961370510e-01 5.686547210030484800e-01 1.710449218750000444e+00 -1.084117531488323749e+01
-3.825168532828920220e+00 -6.862477427572258648e+00 -6.633862357577448243e+00 -9.744222005208330373e+00 9.116210937499995559e-01 5.938592107621394334e-01 5.652020511730360131e-01 1.749755859375000000e+00 -1.080071025698444132e+01
-3.716484595350168618e+00 -7.061636192122558775e+00 -7.120734191251790968e+00 -9.774929470486108940e+00 9.526367187500000000e-01 5.370627920584348791e-01 5.696905219520520536e-01 1.718505859375000000e+00 -1.087112682496439753e+01
-3.867869115587139639e+00 -7.122178633026473804e+00 -7.254094634561079502e+00 -9.429063585069441089e+00 9.404296874999995559e-01 5.980024145581542827e-01 5.835012012721019214e-01 1.741943359375000000e+00 -1.087201964690648381e+01
-3.762400506627468388e+00 -6.881449773685967664e+00 -7.217808918097481374e+00 -9.556206597222219656e+00 9.252929687499995559e-01 5.726252913075627893e-01 5.641662502240324395e-01 1.710205078125000000e+00 -1.080675754630255625e+01
-3.762454760099691597e+00 -6.992741877399112127e+00 -7.233902245670438269e+00 -9.679524739583330373e+00 9.116210937499997780e-01 5.738337257480670139e-01 5.995561159816598096e-01 1.689941406250000000e+00 -1.089274165491071322e+01
-3.697440076540503995e+00 -6.914933795499169200e+00 -7.096114114387117588e+00 -9.545383029513887507e+00 9.135742187499995559e-01 5.831559342891008413e-01 5.759053276460746051e-01 1.701416015625000444e+00 -1.084750968949985150e+01
-3.431647948025497108e+00 -6.979451390399540323e+00 -7.058327209006958647e+00 -9.588704427083332149e+00 8.925781249999995559e-01 6.069793561161868078e-01 5.791853639845863100e-01 1.728515625000000222e+00 -1.084773353796289186e+01
-3.802259193893173794e+00 -7.227706521744901913e+00 -7.099142250554801414e+00 -9.455973307291662522e+00 9.130859374999993339e-01 5.926507763216349867e-01 5.536356072424942765e-01 1.722900390625000222e+00 -1.082964687481101329e+01
-3.634360903163689649e+00 -6.985856516593428545e+00 -7.269151663021465204e+00 -9.657958984375000000e+00 9.052734374999995559e-01 5.638209832410308042e-01 5.757326941545738430e-01 1.740966796875000444e+00 -1.080352865441541610e+01
-3.801261916456215140e+00 -7.038825951976461326e+00 -6.966097031393728933e+00 -9.703993055555555358e+00 9.653320312499995559e-01 5.878170385596175329e-01 5.866086041191129752e-01 1.719238281250000000e+00 -1.090047509979187623e+01
-3.599156882010779768e+00 -6.899117528537461297e+00 -7.315364826506118412e+00 -9.650526258680553582e+00 9.199218749999995559e-01 5.520819058189886386e-01 5.810843323910932501e-01 1.734863281250000444e+00 -1.083994619186434250e+01
-3.802342194681335386e+00 -6.737204103921684784e+00 -7.125812904270730108e+00 -9.177571614583330373e+00 8.984374999999995559e-01 5.790127304930857699e-01 5.817748663570956325e-01 1.731201171875000000e+00 -1.085035084522261606e+01
-3.769897068232785031e+00 -6.999367316573065878e+00 -6.664276891243469336e+00 -9.581787109375000000e+00 9.252929687499993339e-01 5.876444050681172149e-01 5.636483497495304862e-01 1.723876953125000000e+00 -1.087614960432919453e+01
-3.761348975718287413e+00 -6.980295724925693612e+00 -6.959801015742108632e+00 -9.775146484374996447e+00 8.959960937499995559e-01 5.356817241264297813e-01 5.608862138855204016e-01 1.695800781250000000e+00 -1.083533267389078780e+01
-3.632597735836630370e+00 -6.817098036469748656e+00 -6.960540026551956139e+00 -9.525499131944439313e+00 9.101562499999995559e-01 5.980024145581542827e-01 5.669283860880420800e-01 1.686279296875000444e+00 -1.084612756480334284e+01
-3.700251674657414114e+00 -6.971248932909358764e+00 -7.298452972117553728e+00 -9.650770399305550029e+00 9.233398437499997780e-01 5.710715898840572624e-01 6.130215283187083752e-01 1.746337890625000000e+00 -1.083103516483208573e+01
-3.750819010887854965e+00 -7.061048739892171966e+00 -6.640265092194788110e+00 -9.530219184027776791e+00 9.199218749999995559e-01 5.740063592395677761e-01 5.772863955780795919e-01 1.735595703125000000e+00 -1.083113201072297294e+01
-3.599610074665853254e+00 -7.215294896067640629e+00 -7.046637306053474603e+00 -9.323269314236107164e+00 9.453124999999995559e-01 5.565703765980053452e-01 5.781495630355825144e-01 1.734375000000000000e+00 -1.073194155007303152e+01
-3.650198125833251872e+00 -7.162402037084969919e+00 -7.295121619060372709e+00 -9.601508246527775015e+00 9.208984374999995559e-01 5.952402786941444202e-01 6.095688584886959083e-01 1.732666015625000000e+00 -1.086437459276222661e+01
-3.811748760312738682e+00 -7.059125309159254513e+00 -7.223517282546872309e+00 -9.792263454861110716e+00 9.248046874999995559e-01 5.798758979505890254e-01 5.657199516475379664e-01 1.725585937500000444e+00 -1.078892330262924837e+01
-3.706747717666107000e+00 -7.013249092004978813e+00 -7.077897021466217353e+00 -9.431342230902778567e+00 8.935546874999995559e-01 5.489745029719776959e-01 5.610588473770210527e-01 1.699951171875000000e+00 -1.082520083795328780e+01
-3.758015557816114516e+00 -7.110836637469663657e+00 -6.900490076844993936e+00 -9.643581814236108940e+00 9.257812499999995559e-01 5.797032644590883743e-01 5.689999879860496712e-01 1.686035156250000444e+00 -1.080030800612176911e+01
-3.788122993739790445e+00 -7.163514713626055297e+00 -7.137560251990812787e+00 -9.446723090277773238e+00 9.165039062500000000e-01 5.577788110385095699e-01 5.420691633119527619e-01 1.738281250000000000e+00 -1.085337026230468283e+01
-3.809331310159355333e+00 -7.065414797840661620e+00 -7.036067204016122290e+00 -9.759901258680555358e+00 9.145507812499997780e-01 5.809116988995929320e-01 5.955855456771455003e-01 1.685546875000000222e+00 -1.087604190767466505e+01
-3.809519576732305346e+00 -7.049063043126660766e+00 -7.056349970248250614e+00 -9.781467013888883955e+00 9.150390624999995559e-01 5.693452549690511955e-01 5.959308126601468025e-01 1.711669921875000222e+00 -1.086402162819802975e+01
-3.880577110645115901e+00 -7.246270874792359429e+00 -6.819569709703668714e+00 -9.315646701388887507e+00 8.749999999999997780e-01 5.546714081914981831e-01 6.050803877096795347e-01 1.737792968750000000e+00 -1.073683154940201590e+01
-3.631148815804264629e+00 -6.859419199193800054e+00 -6.911397125702020361e+00 -9.618164062499996447e+00 8.964843749999995559e-01 5.453491996504644668e-01 5.943771112366409426e-01 1.752685546874999556e+00 -1.082630426198511131e+01
-3.913591969072169441e+00 -6.959126623939194900e+00 -6.900192240513423947e+00 -9.516167534722217880e+00 9.370117187499993339e-01 5.921328758471332554e-01 5.748695266970709206e-01 1.728271484375000222e+00 -1.084734104583927916e+01
-3.734246195703794235e+00 -7.411756741654997427e+00 -7.058908383593561986e+00 -9.578369140624996447e+00 9.165039062499993339e-01 5.864359706276126571e-01 5.622672818175256104e-01 1.691650390625000222e+00 -1.092207308995039483e+01
-3.716119194702583783e+00 -7.147031578158776099e+00 -7.240131748902143727e+00 -9.767279730902775015e+00 9.028320312499995559e-01 5.370627920584348791e-01 5.828106673060992060e-01 1.756591796875000000e+00 -1.080175153620539064e+01
-3.767382243633268679e+00 -7.076391248857708760e+00 -7.050102431440477879e+00 -9.541097005208332149e+00 9.394531249999995559e-01 5.727979247990635514e-01 5.453491996504646888e-01 1.750976562500000000e+00 -1.090306253245099377e+01
-3.623878850526486950e+00 -6.974164022602248991e+00 -7.143674118199331069e+00 -9.493191189236108940e+00 8.857421874999995559e-01 6.123309943527059929e-01 5.921328758471331444e-01 1.734863281250000000e+00 -1.089306714048396429e+01
-3.895105908702359621e+00 -6.884539091091622431e+00 -7.081286317453557189e+00 -9.566813151041664298e+00 8.662109374999995559e-01 5.816022328655954254e-01 5.595051459535154148e-01 1.759765625000000000e+00 -1.086786439454199815e+01
-3.720721157402826940e+00 -7.099489609922630784e+00 -6.945174649481274720e+00 -9.629774305555555358e+00 9.355468749999995559e-01 5.626125488005269126e-01 5.727979247990632183e-01 1.732910156250000000e+00 -1.086630746086034804e+01
-3.571363180515370495e+00 -7.074822301867672358e+00 -7.172496288741320392e+00 -9.656222873263885731e+00 8.847656249999997780e-01 5.980024145581541717e-01 5.653746846645366642e-01 1.688964843750000222e+00 -1.084538918916427264e+01
-3.802469866503073170e+00 -7.141586124811809100e+00 -7.272433741879519964e+00 -9.451795789930557135e+00 9.506835937499995559e-01 5.667557525965416509e-01 5.816022328655952034e-01 1.746093750000000000e+00 -1.083288172046222186e+01
-3.637916126174070897e+00 -6.975561930322049520e+00 -7.201205063751511481e+00 -9.335476345486110716e+00 9.267578124999995559e-01 5.783221965270834986e-01 5.795306309675876122e-01 1.708496093750000000e+00 -1.083564991587055104e+01
-3.606535354233005641e+00 -6.936508946273650444e+00 -7.034564919041858211e+00 -9.880072699652778567e+00 9.057617187499995559e-01 5.753874271715727629e-01 5.767684951035775276e-01 1.715576171875000222e+00 -1.081779520373487102e+01
-3.773715526225294603e+00 -6.890050409099084838e+00 -6.950380657725110822e+00 -9.750461154513887507e+00 9.072265625000000000e-01 5.940318442536399735e-01 5.724526578160620272e-01 1.720703125000000000e+00 -1.079197379211675312e+01
-3.678839167947264066e+00 -7.188447274494696337e+00 -6.871996034795793129e+00 -9.448377821180553582e+00 9.433593749999993339e-01 5.700357889350535778e-01 5.904065409321265223e-01 1.722900390624999556e+00 -1.085087259448771491e+01
-3.721959404825291529e+00 -6.971215153603196768e+00 -6.935348191811005591e+00 -9.938340928819442865e+00 9.414062499999995559e-01 5.904065409321268554e-01 5.745242597140693963e-01 1.750244140624999556e+00 -1.087313371014145602e+01
-3.696951795290504883e+00 -7.112710545166322618e+00 -6.722806072101823460e+00 -9.604410807291664298e+00 9.057617187499993339e-01 6.097414919801966704e-01 5.855728031701095126e-01 1.748779296875000222e+00 -1.089279537982769064e+01
-3.704735547974564724e+00 -7.134347675023358093e+00 -6.917772159195836323e+00 -9.625705295138887507e+00 9.038085937499997780e-01 5.805664319165914078e-01 5.726252913075626783e-01 1.744873046875000000e+00 -1.078350665703559130e+01
-3.664718891511517640e+00 -7.238170353114808719e+00 -7.281551879334148936e+00 -9.448079427083332149e+00 9.169921874999997780e-01 5.821201333400971567e-01 5.869538711021144994e-01 1.693603515625000222e+00 -1.086242379285172532e+01
-3.609480965450639012e+00 -7.219399338432552327e+00 -7.102849212132186452e+00 -9.684000651041662522e+00 9.243164062499995559e-01 5.957581791686462624e-01 5.914423418811307620e-01 1.760253906249999556e+00 -1.080653852431892048e+01
-3.733371798869250746e+00 -6.697596500487220439e+00 -7.267391449069720011e+00 -9.501681857638887507e+00 9.008789062499993339e-01 5.788400970015852298e-01 6.045624872351774703e-01 1.730468750000000444e+00 -1.087668449418735150e+01
-3.793484505051146094e+00 -7.209321029967441063e+00 -7.129030364121849317e+00 -9.444444444444444642e+00 9.277343750000002220e-01 5.450039326674633866e-01 5.936865772706387823e-01 1.711181640625000000e+00 -1.088687033712248819e+01
-3.861191147284485758e+00 -7.087301984320826698e+00 -7.207272595366299939e+00 -9.606228298611110716e+00 9.433593749999995559e-01 5.679641870370460977e-01 5.771137620865789408e-01 1.719970703125000000e+00 -1.088505358557279301e+01
-3.818303848012980950e+00 -6.878829780180393705e+00 -7.056829856292348602e+00 -9.623887803819442865e+00 9.331054687499995559e-01 5.907518079151283796e-01 5.691726214775503223e-01 1.731201171875000000e+00 -1.087405883755389446e+01
