5.834773848356478165e-02 3.023522810701068445e-02 3.212142963800792422e-02 2.376105396876166190e-02 3.561161020074427030e-02 2.264631350427359635e-02 1.968525431533342529e-02 1.937404187009918524e-02 1.026449288595509927e-02
5.839534639805475658e-02 3.017183391791469771e-02 3.211114255566341336e-02 2.380764523214160336e-02 3.573731013421094921e-02 2.260789075551493735e-02 1.952084314198725135e-02 1.943210756067926051e-02 1.045174566925896609e-02
5.866688284324613617e-02 3.022314707669929157e-02 3.220055343279678434e-02 2.383152514878652747e-02 3.573895904204823365e-02 2.260779342324698363e-02 1.963050700478403618e-02 1.932229589021824956e-02 1.031453319651876727e-02
5.853939567601350313e-02 3.034415082171897440e-02 3.215123041738294357e-02 2.384505941300668966e-02 3.563972394900842555e-02 2.264818009600125942e-02 1.967447619959727251e-02 1.943889834111215895e-02 1.037669091909427209e-02
5.813930179235914097e-02 3.025782072362572309e-02 3.217547619833298345e-02 2.374034863445076762e-02 3.575014463131419296e-02 2.266477230420411992e-02 1.969005210247074325e-02 1.916975484219953993e-02 1.039568328855701267e-02
5.852187589537139606e-02 3.029772948764858018e-02 3.212788442346571627e-02 2.379314202919925389e-02 3.552851139460954516e-02 2.260577470923832294e-02 1.965762664909629157e-02 1.949308492431994083e-02 1.031676818414585355e-02
5.857381226948024655e-02 3.034971167267981260e-02 3.219410006708992023e-02 2.382045403919064511e-02 3.583789567677995308e-02 2.257018588909174422e-02 1.959651926111623602e-02 1.931038169976118796e-02 1.033226029669583566e-02
5.831005423955629846e-02 3.045485819592667204e-02 3.214242033049000136e-02 2.388657038509283542e-02 3.561768636974453617e-02 2.263731656905807257e-02 1.954994958861424117e-02 1.930707696918202571e-02 1.036044526534258929e-02
5.849843554713282656e-02 3.026118492244945710e-02 3.216678211653800634e-02 2.389345367576382537e-02 3.569164695098186318e-02 2.262788307688290076e-02 1.955309427865312144e-02 1.935419279924902383e-02 1.039389787912410601e-02
5.843940082570835831e-02 3.026752233691701668e-02 3.224974666456079803e-02 2.380289649656886983e-02 3.568747723994184634e-02 2.260701319685552366e-02 1.959488029759827790e-02 1.934414289711770471e-02 1.022919588796105360e-02
5.836487806179533472e-02 3.010917499375187489e-02 3.212612166622810100e-02 2.382532840363718249e-02 3.573713567784099487e-02 2.256458124712678107e-02 1.958962508376175388e-02 1.936190605386932384e-02 1.036454678358621206e-02
5.819770353389043527e-02 3.015443033188448460e-02 3.218356637160359884e-02 2.391694971903647257e-02 3.577288327431436821e-02 2.265971998676723914e-02 1.958623700408028759e-02 1.938174121904612940e-02 1.039016047800879992e-02
5.874818657914800818e-02 3.017200629138851870e-02 3.215736514172438248e-02 2.389308598583852333e-02 3.561896350130774880e-02 2.258986489155344682e-02 1.949224107658114463e-02 1.935380388849176556e-02 1.038223278924653784e-02
5.880190896335673462e-02 3.028583081964649967e-02 3.204644867547015719e-02 2.383971066448357934e-02 3.578234145566987212e-02 2.261239647040128031e-02 1.963090110729466195e-02 1.935004934176470098e-02 1.033451759920404715e-02
5.835364271586118701e-02 3.018153080964892584e-02 3.208712840357030166e-02 2.388020854913204191e-02 3.573734456729318887e-02 2.260118703949876712e-02 1.955010454258112457e-02 1.926376946552289804e-02 1.036994860390098860e-02
5.835261608453378573e-02 3.032795044343642929e-02 3.211642176227733070e-02 2.374110445479613377e-02 3.573850952096878364e-02 2.263961345863264862e-02 1.958168928225584651e-02 1.937051849764479319e-02 1.029507497402099882e-02
5.850170967767268082e-02 3.039427222309818225e-02 3.209593296285077196e-02 2.380465623820725990e-02 3.568529201425902492e-02 2.255190122514263290e-02 1.958133525047592999e-02 1.923754346196491355e-02 1.036186607347312945e-02
5.826942251808919782e-02 3.031301454509292836e-02 3.217009881707704605e-02 2.382979498979889005e-02 3.565624235328090919e-02 2.258575650066181606e-02 1.952903275942591624e-02 1.931349505247461490e-02 1.043382833354212884e-02
5.846216866800726247e-02 3.031013149506036827e-02 3.213437728051311143e-02 2.376399149828299640e-02 3.569502590866629327e-02 2.262129598140310768e-02 1.950007345805482642e-02 1.936226605471710882e-02 1.032141886123928189e-02
5.856163049504234386e-02 3.020451393863124098e-02 3.213604448787679702e-02 2.387367792038629782e-02 3.562954181675517112e-02 2.261116051804882426e-02 1.954843274171763276e-02 1.932781242487289705e-02 1.026844524555015417e-02
5.831258613825461568e-02 3.013987013237402410e-02 3.209787403422135338e-02 2.386459565040711592e-02 3.572817801202095300e-02 2.257299929225164981e-02 1.951565582038118293e-02 1.917088151521437536e-02 1.031734800485399096e-02
5.839522580952213188e-02 3.018780087081440050e-02 3.215697053985103887e-02 2.389037965179032288e-02 3.568835974845892267e-02 2.259305812484875206e-02 1.956142567888125711e-02 1.927704450397743283e-02 1.040261974203178161e-02
5.826980084370456808e-02 3.017839130246889948e-02 3.214370664885771167e-02 2.375163836600278910e-02 3.570978249820515316e-02 2.258988885639707719e-02 1.951707437701002620e-02 1.935338865325215291e-02 1.035323043087444869e-02
5.863689169284344582e-02 3.026954881376455950e-02 3.218782312076434726e-02 2.374679153299208423e-02 3.571312844148447074e-02 2.261247154172467411e-02 1.959311175627902538e-02 1.936388992106983370e-02 1.022895839258690723e-02
5.811990320372469737e-02 3.020704013350094044e-02 3.220504480711101208e-02 2.385978529959537423e-02 3.560102032374811570e-02 2.260207248929370707e-02 1.953127312192257103e-02 1.940872833638844150e-02 1.039561123633169111e-02
5.848152660798194846e-02 3.019889697323361807e-02 3.214281530427984951e-02 2.376547261127502295e-02 3.570840721872505646e-02 2.253317830504248526e-02 1.953599168351540308e-02 1.930081715590835703e-02 1.045014398683936051e-02
5.837511742435892020e-02 3.042912725521555381e-02 3.221495474518848434e-02 2.375563588826749839e-02 3.563838327636664055e-02 2.260535913374054143e-02 1.964969986483094955e-02 1.942179228085267120e-02 1.041398652586955458e-02
5.850680632412615795e-02 3.032712284125680877e-02 3.216620026134495158e-02 2.385388027978539369e-02 3.571013947080855372e-02 2.268322344056952766e-02 1.959381465890012997e-02 1.947926199744218559e-02 1.048662310138704680e-02
5.855374613990469573e-02 3.022498735117883778e-02 3.220536841958190899e-02 2.380303394816688303e-02 3.563606350136606926e-02 2.264437106382560447e-02 1.956730920060867698e-02 1.919766400873064785e-02 1.026799473672338620e-02
5.818828191277269218e-02 3.025988450246504605e-02 3.204084997162943982e-02 2.384753455505602554e-02 3.565609022738051165e-02 2.259869449507059813e-02 1.950491563682737670e-02 1.917258914213097049e-02 1.038649113676062830e-02
5.827548859722404134e-02 3.027032975722525332e-02 3.204689236359709731e-02 2.383244361657716609e-02 3.572659981010780500e-02 2.262647151995028985e-02 1.950517790944375149e-02 1.941096980608737060e-02 1.048371737982916468e-02
5.834448066682842299e-02 3.024399422565688875e-02 3.215992096679286261e-02 2.385058015434837753e-02 3.580150682542592583e-02 2.261703224886421268e-02 1.964640135530990733e-02 1.929538642004499649e-02 1.034281467892707654e-02
5.861327476888676669e-02 3.023346131082056687e-02 3.220168839073516559e-02 2.381258674077459114e-02 3.570678300802258148e-02 2.264889486022603204e-02 1.953244563395958172e-02 1.939098799683787802e-02 1.038210328051892943e-02
5.794183483672747659e-02 3.017559512457197377e-02 3.210902831955306236e-02 2.381848517986795769e-02 3.581809827431908094e-02 2.263666070157800692e-02 1.965486849034753236e-02 1.934052924432183573e-02 1.031546214233569972e-02
5.856880926509277357e-02 3.025663448993914234e-02 3.216884125128329636e-02 2.374645694456238576e-02 3.562660888889600946e-02 2.263877666680129061e-02 1.957263190418008156e-02 1.931483032297949889e-02 1.043758328117584851e-02
5.864681103970292853e-02 3.032210443664698496e-02 3.206635216096988261e-02 2.381064473275933818e-02 3.574249923011850461e-02 2.261013066137095018e-02 1.961309412512246206e-02 1.923019709356235327e-02 1.029692559252982573e-02
5.874870250551281897e-02 3.019405276983760586e-02 3.204955126886300382e-02 2.382294728006514525e-02 3.579065971112978944e-02 2.261778326537021086e-02 1.947549208569344242e-02 1.927165935931922716e-02 1.029015739964564760e-02
5.845392291991938216e-02 3.038706695723008763e-02 3.216610065748412572e-02 2.365744622451908252e-02 3.589191014656807621e-02 2.261403830811027985e-02 1.955500912028897489e-02 1.913058755367771230e-02 1.048548008694571813e-02
5.853997458822345762e-02 3.030351495667532938e-02 3.214526471635299060e-02 2.389657821966710907e-02 3.576533059292544281e-02 2.265818242562157511e-02 1.956830578343154298e-02 1.941028234210689582e-02 1.026297256669031835e-02
5.842662354048424461e-02 3.037018780554959566e-02 3.211204807321496602e-02 2.385993230028884970e-02 3.578819714946154806e-02 2.257611595476803276e-02 1.943708153191894480e-02 1.940186061903463946e-02 1.044052988292275101e-02
5.869664508384594276e-02 3.031187634179255408e-02 3.214522720215052393e-02 2.376513452687891922e-02 3.569812979954910953e-02 2.260371079901885710e-02 1.964945303988605355e-02 1.939287546763158315e-02 1.024743487347044499e-02
5.806080155413022997e-02 3.019328398075931882e-02 3.220246296525597351e-02 2.384997430614533773e-02 3.571014863957841512e-02 2.259541785904517833e-02 1.957981674550187540e-02 1.931272349565368168e-02 1.031647940628198368e-02
5.829230530368434415e-02 3.020807466542841171e-02 3.210114254281722784e-02 2.376343494932456335e-02 3.568045676218480761e-02 2.266962330135192591e-02 1.955081902506874969e-02 1.934218296030238565e-02 1.033929791321924752e-02
5.849220806818806323e-02 3.030797246449827911e-02 3.213449609609601160e-02 2.384425913268880051e-02 3.572009880564971235e-02 2.253513207713959965e-02 1.961083916980508463e-02 1.947227959611758444e-02 1.032501138823317850e-02
5.846998757238527911e-02 3.030960868989326581e-02 3.211906767532132778e-02 2.383952526973283706e-02 3.566301818456710931e-02 2.257967716201193797e-02 1.951921825797497609e-02 1.915221597751719587e-02 1.038882254069533814e-02
5.884885334234508242e-02 3.031607592477910187e-02 3.201810724437822997e-02 2.388312808891401851e-02 3.567931560779328409e-02 2.265136736574169946e-02 1.962038537176424499e-02 1.942034372559759900e-02 1.038798566674195567e-02
5.812760480184381295e-02 3.022492498761517737e-02 3.203932442809507425e-02 2.384870524096018365e-02 3.582308492449576276e-02 2.253200641242380023e-02 1.956143293409646350e-02 1.936533217897162470e-02 1.046342558499853935e-02
5.850807671609370431e-02 3.024191462561950233e-02 3.211302317667418665e-02 2.374311269068299715e-02 3.558063976133726131e-02 2.260238360441074734e-02 1.950098647154372214e-02 1.940749775148745138e-02 1.032089842488902176e-02
5.809291068124976254e-02 3.023120676103359036e-02 3.213146268917813075e-02 2.384611917349920007e-02 3.567848839588621396e-02 2.264806133362217908e-02 1.960917106742089341e-02 1.928460996766138968e-02 1.045602992017430517e-02
5.840912422784104441e-02 3.022776406935456447e-02 3.211611224703997403e-02 2.389885089681782759e-02 3.563821657875748672e-02 2.259641803141288971e-02 1.951132132206365513e-02 1.930150701087027243e-02 1.042191098284523006e-02
5.830380628174706287e-02 3.035624753676447948e-02 3.217108454544010537e-02 2.383213278896263027e-02 3.570971604935783972e-02 2.259615769159893997e-02 1.956212194642946781e-02 1.923641407414897891e-02 1.048232927855041220e-02
5.849801433022920605e-02 3.030933016316202447e-02 3.217954431167006218e-02 2.381130638012849549e-02 3.574818099262897647e-02 2.264676821793266612e-02 1.951625411145115757e-02 1.945828259769437352e-02 1.033106808703389105e-02
5.840092662322261818e-02 3.021825495108004800e-02 3.210605760847488194e-02 2.387146985132480859e-02 3.571781046325057940e-02 2.261015334412990949e-02 1.954328102634307965e-02 1.931662786681356131e-02 1.038376651104003928e-02
5.824058598338739678e-02 3.024345122739935041e-02 3.214182078332921549e-02 2.395827132741576437e-02 3.581903017557677010e-02 2.265046828031152745e-02 1.959793730002576742e-02 1.926287939100945409e-02 1.038127051182799986e-02
5.876910639810439124e-02 3.036249670964705910e-02 3.223871933121510991e-02 2.379906086251221478e-02 3.575165934062304873e-02 2.259504012392505451e-02 1.953178104560662418e-02 1.945563726541513910e-02 1.043087511424842066e-02
5.847883452661330195e-02 3.022027829519710260e-02 3.209173322419214130e-02 2.380529684369970395e-02 3.562368105546656616e-02 2.252596911612677125e-02 1.959001228333447434e-02 1.947164063180954752e-02 1.033716101738892286e-02
5.823721214889715503e-02 3.020466419068178199e-02 3.207040385619276679e-02 2.377786933490556864e-02 3.567690748605513440e-02 2.263878020490089210e-02 1.957735867678212990e-02 1.937820385218377503e-02 1.033532150840085241e-02
5.886272162997548824e-02 3.017374003529083026e-02 3.210176674075293501e-02 2.381049895566399524e-02 3.560080695563554165e-02 2.260694474978837756e-02 1.956036357696282896e-02 1.934621358285385992e-02 1.043979057187000882e-02
5.841961911878181674e-02 3.022132563139311168e-02 3.208230364447213490e-02 2.378858854501991402e-02 3.556506223757047863e-02 2.253717517624884842e-02 1.957983221088522435e-02 1.934085578543220246e-02 1.036720136769576743e-02
5.794672121203155862e-02 3.033929384899414217e-02 3.204467473620448842e-02 2.388014918613132545e-02 3.554297038247547502e-02 2.266504470721940681e-02 1.956365387092465213e-02 1.930761661719348696e-02 1.026678975953525079e-02
5.811816979496850499e-02 3.029235783610309540e-02 3.208802881844154131e-02 2.367683820899207578e-02 3.577328459207310823e-02 2.259056185642830533e-02 1.957958544105319054e-02 1.914799898533382783e-02 1.032978662504768948e-02
5.834796451495918163e-02 3.027732541379020079e-02 3.216576337468278479e-02 2.375032888402373379e-02 3.562675544784466714e-02 2.262181019244481270e-02 1.965147682901926748e-02 1.954812851656172537e-02 1.031331435908119931e-02
5.809976792239297805e-02 3.024920980431699408e-02 3.206375571365226163e-02 2.380202511920220462e-02 3.549310427281644753e-02 2.265730521161038458e-02 1.962196902524793174e-02 1.931170192658928156e-02 1.041650426336286107e-02
5.839800238287888579e-02 3.029363041721931660e-02 3.216075909267249872e-02 2.377866914671488557e-02 3.573290743990510665e-02 2.256263308632179901e-02 1.946636490303418204e-02 1.943050193992190353e-02 1.042645790537622720e-02
5.846739648598119760e-02 3.019836840077874326e-02 3.212156664205674528e-02 2.387543772734620692e-02 3.577847085995577298e-02 2.257280378993822834e-02 1.953599727248186979e-02 1.940042726489404901e-02 1.030616028588293188e-02
5.825443344366424553e-02 3.032654999201623083e-02 3.211371463847349783e-02 2.378358995839496837e-02 3.548963041366431925e-02 2.263408874800533835e-02 1.957303167379858752e-02 1.935066054859451573e-02 1.020383150901323956e-02
5.817800431036798670e-02 3.021368689068647251e-02 3.216523560664395764e-02 2.381263902387337900e-02 3.578547454894115409e-02 2.262061351138908161e-02 1.953491441369370127e-02 1.923609105552663914e-02 1.038937231307749710e-02
5.851966266833877328e-02 3.017315442506080317e-02 3.207733206977209095e-02 2.382262926990326435e-02 3.580178951791518349e-02 2.266325228341076886e-02 1.964370227641404690e-02 1.924345332268035877e-02 1.038744031841567876e-02
5.854073029999099648e-02 3.038539636951159348e-02 3.206321231346048045e-02 2.380271886459072936e-02 3.573951370825071555e-02 2.256675040990048162e-02 1.966306546900811053e-02 1.919390299061810717e-02 1.030817279902488358e-02
5.850406085321051969e-02 3.032009608318367994e-02 3.208270025713014922e-02 2.378335188078542148e-02 3.580683056024665939e-02 2.260988123428330290e-02 1.957803964449717979e-02 1.943983182007171309e-02 1.041116996926220138e-02
5.847672221411339549e-02 3.025470118588716520e-02 3.211045526357251406e-02 2.378623727249546196e-02 3.569422056611238486e-02 2.259579071255649052e-02 1.955265665707872288e-02 1.925439640715846321e-02 1.027716545138870376e-02
5.864664553023773985e-02 3.013411540262077651e-02 3.215311818921475634e-02 2.379962687085086445e-02 3.550862215523924864e-02 2.268341486190164624e-02 1.949721424395416819e-02 1.936379241402128026e-02 1.039500421534739379e-02
5.835184264873561483e-02 3.027532228984543619e-02 3.218131800974390749e-02 2.380731370619648679e-02 3.575319695640472029e-02 2.269169484065940504e-02 1.953525163926658759e-02 1.930033763563828927e-02 1.042150627141580875e-02
5.874881649233838071e-02 3.032425840880722395e-02 3.212495885905858328e-02 2.390632820494271657e-02 3.561979150831558888e-02 2.260168481650744882e-02 1.952844899038418472e-02 1.947785880674361703e-02 1.026003152459878907e-02
5.828222842957450633e-02 3.027732750331975017e-02 3.211375103031424011e-02 2.384833760689309898e-02 3.560432338104187189e-02 2.259386144402349139e-02 1.961829137092563694e-02 1.933468010214509439e-02 1.038778435089129579e-02
5.884250328859381290e-02 3.023278062496324511e-02 3.218544540261347037e-02 2.388432505647345230e-02 3.570800491711440677e-02 2.260614091657367833e-02 1.961239117313563762e-02 1.931719888722079406e-02 1.026968718691648012e-02
5.831483163553496246e-02 3.020894283819351711e-02 3.211671162719337280e-02 2.379646739556517260e-02 3.575243113310581228e-02 2.256650995810398699e-02 1.963217151125734236e-02 1.931849002416718974e-02 1.030834697321930497e-02
5.812354508115438051e-02 3.028605327888726426e-02 3.214797008963963393e-02 2.381913551081715763e-02 3.573557069867518837e-02 2.257403174057947409e-02 1.967895473015064678e-02 1.944998565460421061e-02 1.036095032534542840e-02
5.847428217639449172e-02 3.037537295684021241e-02 3.203000963064349393e-02 2.375416784344787369e-02 3.568616731333044273e-02 2.262359765392588443e-02 1.949696735067841386e-02 1.932434048988050657e-02 1.043820675661881643e-02
5.825192467569453858e-02 3.019454211666127569e-02 3.197459936018137716e-02 2.376602147578573895e-02 3.563810388134053264e-02 2.266023616303891944e-02 1.948000032122228914e-02 1.931150600821989957e-02 1.033046573660719239e-02
5.813895123067606280e-02 3.011917915028716752e-02 3.208923116288813632e-02 2.373416923129149231e-02 3.576171158763530311e-02 2.261900338477227518e-02 1.945772556512566018e-02 1.934765997890616762e-02 1.037347339488355058e-02
5.784261760002326613e-02 3.034690167428053670e-02 3.210540920605167020e-02 2.373199088307528445e-02 3.577795180180208534e-02 2.262477017935686507e-02 1.941632781264001142e-02 1.920294429973966668e-02 1.047343593622518040e-02
5.840650328676548486e-02 3.018486619754659830e-02 3.212390628190592290e-02 2.385187681133529858e-02 3.566082732842933145e-02 2.261226250125172865e-02 1.963611040225783297e-02 1.915947338247409731e-02 1.031140271301255081e-02
5.859355421965770083e-02 3.021800442514672308e-02 3.211081721234098491e-02 2.378140228425285052e-02 3.577310489583412217e-02 2.265606703099757105e-02 1.955703054702313815e-02 1.939217910778474191e-02 1.030675027849546101e-02
5.853056967450359638e-02 3.031913738481075565e-02 3.215362949363217288e-02 2.389382689200002241e-02 3.566700193089400450e-02 2.254308760696905473e-02 1.962012957583763109e-02 1.927435938648414809e-02 1.037648154810557645e-02
5.840060962539567885e-02 3.027189924800763668e-02 3.222925040517415213e-02 2.379343568092817315e-02 3.563564381923867153e-02 2.260025809862974827e-02 1.951891997568223208e-02 1.936798627650909710e-02 1.037237355846507697e-02
5.811816572228213629e-02 3.034447695012945298e-02 3.211137710780812698e-02 2.375128473367543736e-02 3.556760435449451974e-02 2.260532613075630706e-02 1.955134555166904153e-02 1.928040079952832511e-02 1.041116740892523290e-02
5.827703276090955703e-02 3.028009500778667748e-02 3.216806110162816201e-02 2.387509065234771216e-02 3.563740604773260601e-02 2.261248125245994556e-02 1.950322628862653090e-02 1.941293928933491078e-02 1.023551551068558121e-02
5.876789341425436158e-02 3.022552306710114475e-02 3.214645960970320682e-02 2.378722964194552453e-02 3.570472660768435336e-02 2.262280220544994266e-02 1.953280323050013076e-02 1.926491292334762268e-02 1.038716648179358569e-02
5.824386609871556181e-02 3.027637111623280794e-02 3.217856860610351921e-02 2.370211177595918720e-02 3.570548448797756375e-02 2.259167562456694880e-02 1.960592017111436464e-02 1.922850498848916942e-02 1.037266804579276003e-02
5.802533436207673451e-02 3.032286653317534109e-02 3.214719324538500150e-02 2.381027129918580204e-02 3.569859185426336318e-02 2.263548250851461427e-02 1.957279407750812245e-02 1.930182196104418546e-02 1.027500858318215575e-02
5.860529326154408081e-02 3.025972984509964561e-02 3.213249175652681255e-02 2.383581281531274229e-02 3.568741332355068741e-02 2.259003419931472634e-02 1.955021114727250806e-02 1.928869354858473231e-02 1.039698498188356551e-02
5.858109695812951934e-02 3.025027436073264575e-02 3.217709958319700525e-02 2.383254107375138223e-02 3.567653118880744628e-02 2.260330142160619712e-02 1.941963374969109604e-02 1.927099184462264733e-02 1.035903016193738188e-02
5.838852649451462679e-02 3.025521041682908280e-02 3.210812240994163208e-02 2.382075700972202323e-02 3.569089012742954203e-02 2.255492211451711262e-02 1.955694939132845978e-02 1.931689435765962526e-02 1.030203272928713332e-02
5.838616702425141608e-02 3.032456963545167652e-02 3.210142838814463578e-02 2.373198277550897170e-02 3.562615011285660133e-02 2.257597308620720375e-02 1.956593606927025872e-02 1.929792194648973641e-02 1.037298093774472602e-02
5.823719690766028523e-02 3.022797560827452171e-02 3.198861994259085545e-02 2.375868993328883808e-02 3.564020778840403664e-02 2.266965536279990506e-02 1.954072847322303394e-02 1.930713274355808778e-02 1.038643149870001163e-02
5.802061832509649436e-02 3.029519784257615408e-02 3.218915212156301525e-02 2.381375787164941374e-02 3.565208452193339289e-02 2.265972358149116392e-02 1.966007703971545811e-02 1.940247394374756268e-02 1.041450219816682232e-02
5.848413498078375988e-02 3.018380527750216813e-02 3.207185217599817229e-02 2.382843653673050524e-02 3.559605604161634324e-02 2.262338956247298902e-02 1.956160115876651520e-02 1.929596429072526209e-02 1.040614942143508297e-02
5.840152879150305870e-02 3.021709973721468587e-02 3.214626660174128847e-02 2.384664339994138280e-02 3.578653233900820629e-02 2.256602107548255284e-02 1.955824750160311404e-02 1.938095342050965772e-02 1.045411196191014733e-02
5.822914710914029596e-02 3.023097905329541826e-02 3.214135835384698825e-02 2.379557893148937994e-02 3.573421842737046356e-02 2.263742140321955629e-02 1.960010172023894312e-02 1.924732543752369698e-02 1.039702587033253592e-02
