-1.593980293792340408e+00 -5.746143452887682024e-01 -6.052772503039435259e-01 -1.203389485677082149e+00 3.109741210937499112e+00 5.501093343800185220e-01 5.443035523311783308e-01 1.359619140625000000e+00 -9.694004598753122037e-01
-1.562774630201121617e+00 -6.081062764271440990e-01 -5.564498860850521922e-01 -1.222910563151040186e+00 3.170043945312499112e+00 4.812402234233095211e-01 5.321563760626388806e-01 1.306640625000000000e+00 -9.898134168626320228e-01
-1.533410541757266765e+00 -5.690908676465441518e-01 -5.878491499160298783e-01 -1.197580973307290630e+00 3.143920898437499112e+00 4.912485006072916383e-01 5.565979528136659749e-01 1.355224609375000000e+00 -9.611505412555204630e-01
-1.597399169710984168e+00 -5.662562250524204588e-01 -6.331413275539107266e-01 -1.234975179036457371e+00 3.068481445312499556e+00 5.343688872541704216e-01 5.492677274094707185e-01 1.327880859374999778e+00 -9.545105856262021682e-01
-1.599653260545285338e+00 -5.526007871906221114e-01 -5.647769713149271009e-01 -1.193013509114582593e+00 3.160278320312499112e+00 5.346513223736752973e-01 5.249898535038357572e-01 1.333007812500000000e+00 -9.770014153568501447e-01
-1.634397562908189272e+00 -6.126627159541729872e-01 -6.272538881963131141e-01 -1.217346191406248890e+00 3.060058593749999112e+00 5.374422055536256515e-01 6.046911898088401793e-01 1.345458984375000000e+00 -9.700631713240590592e-01
-1.552769052485519996e+00 -6.399584209091669917e-01 -5.681791869545094187e-01 -1.169820149739582593e+00 3.146728515624999112e+00 5.333330863051667370e-01 5.725226855830540806e-01 1.332275390625000000e+00 -9.652931373340994936e-01
-1.666880547940216228e+00 -5.516888033960783977e-01 -5.896287228590050278e-01 -1.204355875651041075e+00 3.131713867187499556e+00 5.143368319435696057e-01 5.913909158680787925e-01 1.374511718750000000e+00 -9.644691803547656983e-01
-1.628045159513968665e+00 -6.126914995996366464e-01 -6.344644440613893543e-01 -1.204233805338540630e+00 3.102783203124999112e+00 5.199900525468462709e-01 5.414319231053923431e-01 1.365722656250000000e+00 -9.855589053675536393e-01
-1.565048735783726386e+00 -6.124936457808022316e-01 -6.130100464174061958e-01 -1.192128499348957371e+00 3.103271484374999112e+00 4.567334544592061563e-01 5.950901395627942181e-01 1.321044921875000000e+00 -9.761348086179687522e-01
-1.741174966538051816e+00 -6.121924381061589759e-01 -5.622233740604217767e-01 -1.187733968098957371e+00 3.148925781249999112e+00 5.070862253005435916e-01 5.347225212409466577e-01 1.344970703125000000e+00 -9.759289536724531366e-01
-1.705798796200794110e+00 -6.266776117398846768e-01 -5.948963537646261290e-01 -1.195363362630207149e+00 3.111816406249999112e+00 4.911955241885883616e-01 5.844847042994927300e-01 1.334716796875000000e+00 -9.681408721684123808e-01
-1.511017733684786535e+00 -6.176486507970786466e-01 -5.825155036846161316e-01 -1.173706054687499112e+00 3.169677734374998668e+00 4.961028740575795237e-01 6.043785189323771512e-01 1.348144531250000000e+00 -9.650093590916699604e-01
-1.625704826731847019e+00 -5.756595958246468747e-01 -6.039293711477308202e-01 -1.170786539713540853e+00 3.109008789062499112e+00 4.920993993802991184e-01 5.758227939675029106e-01 1.335449218750000000e+00 -9.742515481773357244e-01
-1.579943740370960192e+00 -6.513329065476171076e-01 -6.828168181051507135e-01 -1.189127604166666075e+00 3.204956054687499556e+00 5.066927554881207607e-01 5.817396107092605018e-01 1.313232421875000000e+00 -9.770628864673808200e-01
-1.607954077055367303e+00 -6.108701965320785243e-01 -6.386466274491345851e-01 -1.207112630208332371e+00 3.192993164062499112e+00 5.168395287259247572e-01 5.620698646554389555e-01 1.348388671875000000e+00 -9.759202960324908638e-01
-1.661390039270993269e+00 -6.391314584638527752e-01 -6.643331000984014079e-01 -1.183685302734373890e+00 3.072265624999999112e+00 5.364246270531896066e-01 5.186470237332414523e-01 1.355712890625000000e+00 -9.874405144190333550e-01
-1.770632492573733341e+00 -5.981579632131923674e-01 -6.497733313216879081e-01 -1.173227945963541075e+00 3.100463867187499556e+00 5.015170358913668691e-01 6.191002602731225934e-01 1.334228515625000000e+00 -9.832093601181566278e-01
-1.549716378689356411e+00 -5.928197302038330507e-01 -5.195088785311566815e-01 -1.244639078776040630e+00 3.138427734374999112e+00 5.193009541317387123e-01 5.517124188077350277e-01 1.343994140625000222e+00 -9.580332653336756099e-01
-1.708297362371384853e+00 -5.933025071798042616e-01 -6.069241034038306282e-01 -1.228963216145832371e+00 3.127319335937499556e+00 5.102498368243991722e-01 5.959122910198613177e-01 1.367919921875000000e+00 -9.793557606405908222e-01
-1.649145942183890323e+00 -5.026463023136740205e-01 -5.161679035586437259e-01 -1.204671223958332593e+00 3.065063476562499112e+00 5.381336114281893845e-01 5.377850592969239951e-01 1.331054687500000000e+00 -9.605319680073394206e-01
-1.633380266228920519e+00 -5.729710793702128546e-01 -5.968256991519069743e-01 -1.143992106119791075e+00 3.123168945312499112e+00 4.954901621454999017e-01 5.523802121119925079e-01 1.336914062500000000e+00 -9.554123470294180187e-01
-1.663911980265826429e+00 -5.992484708622598522e-01 -5.552353099996977237e-01 -1.218800862630207149e+00 3.087036132812499112e+00 4.942589341531277158e-01 5.886703596468383370e-01 1.373779296875000000e+00 -9.804750467714022921e-01
-1.562759375819569918e+00 -6.449630120160385616e-01 -6.157199303142979474e-01 -1.198181152343749112e+00 3.059448242187499112e+00 5.361765847474687652e-01 5.950620087793101476e-01 1.373291015625000000e+00 -9.778107256720677265e-01
-1.500992770975867474e+00 -5.619037519621549182e-01 -5.932965680209369985e-01 -1.194081624348957149e+00 3.146118164062499112e+00 4.643798912642347343e-01 5.743229408712621220e-01 1.324218750000000000e+00 -9.521313858922216822e-01
-1.587399303605879330e+00 -5.727708952981616086e-01 -6.047903474369499266e-01 -1.196533203124998890e+00 3.161499023437499112e+00 5.144202994953365193e-01 5.354118750321589237e-01 1.347656250000000000e+00 -9.656764258054595373e-01
-1.603940125993325694e+00 -5.808609603061357651e-01 -6.054351956380845667e-01 -1.185312906901040853e+00 3.140747070312499112e+00 5.313105591451420251e-01 5.344392142128797651e-01 1.367431640625000000e+00 -9.601624631065545090e-01
-1.528391144246468603e+00 -6.045790084293064526e-01 -5.880524686545324231e-01 -1.164143880208332371e+00 3.100830078124999112e+00 4.771829004187641554e-01 5.747696424784931590e-01 1.322753906250000000e+00 -9.828187747598001733e-01
-1.565956539101220679e+00 -5.813913577697126245e-01 -5.734328801564405609e-01 -1.208506266276040853e+00 3.116333007812499112e+00 4.658501251359732920e-01 5.703894848864632383e-01 1.360107421875000000e+00 -9.901805173387343562e-01
-1.634534288699825977e+00 -5.461505649374480686e-01 -5.431220314673774752e-01 -1.213541666666666297e+00 3.100830078124999112e+00 4.892594414623661625e-01 5.488183571864320154e-01 1.339355468750000000e+00 -9.591734777889449060e-01
-1.629372986836145065e+00 -6.135995567808162354e-01 -6.293260101045283772e-01 -1.193471272786457371e+00 3.078369140624999556e+00 5.096703375513138567e-01 5.283748649909467687e-01 1.331054687500000000e+00 -9.749213011369743942e-01
-1.615485881345474217e+00 -6.213842944562857351e-01 -5.656811610060270556e-01 -1.211079915364582593e+00 3.105346679687499112e+00 4.629099656587237765e-01 5.391652553203676312e-01 1.329833984375000000e+00 -9.716885251991578265e-01
-1.575068387706091810e+00 -6.523829255090580759e-01 -6.212866826205697413e-01 -1.204498291015624112e+00 3.110351562499999556e+00 5.222339796701260806e-01 6.062846741678687978e-01 1.340332031250000000e+00 -9.794936754220379127e-01
-1.687555832741021611e+00 -6.727106810119497515e-01 -5.770591269761210507e-01 -1.203216552734374112e+00 3.164306640624999112e+00 5.290292094359181352e-01 5.718854363019831855e-01 1.328369140625000000e+00 -9.526313369243015750e-01
-1.681291366629132700e+00 -5.796770019724558631e-01 -5.443624682757238764e-01 -1.173278808593749334e+00 3.164794921874999112e+00 4.612799835124365422e-01 5.782674853657674419e-01 1.309326171875000000e+00 -9.726333546861609669e-01
-1.618799196435633414e+00 -6.708163595761141851e-01 -5.631251743750205208e-01 -1.183461507161457371e+00 3.155273437499999112e+00 5.206261216531276048e-01 5.616868668202661397e-01 1.333740234375000000e+00 -9.641557652577933402e-01
-1.532908604494998661e+00 -6.112047808632925516e-01 -5.894617950580735011e-01 -1.181467692057291297e+00 3.096679687499999112e+00 5.250011973896466788e-01 6.045954535725777124e-01 1.400634765625000000e+00 -9.765123987013615281e-01
-1.661634483754710345e+00 -6.100248768310291281e-01 -6.167799966955882507e-01 -1.184071858723956927e+00 3.113525390624999556e+00 4.676545374810073818e-01 5.498299290326730260e-01 1.344482421875000000e+00 -9.805825981078385434e-01
-1.650496703838772783e+00 -5.827762080664296018e-01 -6.282147992718630780e-01 -1.205383300781249112e+00 3.115356445312499556e+00 5.490852384731771396e-01 5.303432884476013687e-01 1.342529296875000000e+00 -9.829484678555658883e-01
-1.628121928951409725e+00 -6.128111940713986128e-01 -6.231487069580984306e-01 -1.213612874348957149e+00 3.080566406249999112e+00 5.227243658936007176e-01 5.909870269685304489e-01 1.373535156250000000e+00 -9.730583593033633738e-01
-1.583418199618972455e+00 -5.760641562856577691e-01 -6.041492723425291311e-01 -1.201995849609374112e+00 3.121704101562499112e+00 5.149624290726012577e-01 5.681485346452195273e-01 1.339355468750000000e+00 -9.672191928523734550e-01
-1.669714089564989346e+00 -6.355234693528224454e-01 -6.043198827775996262e-01 -1.245483398437498668e+00 3.130004882812499112e+00 5.326790501264228039e-01 5.334746121311475520e-01 1.342285156250000000e+00 -9.422784269198158924e-01
-1.602314648837685596e+00 -5.446260156183595491e-01 -5.829104692406587018e-01 -1.196492513020832593e+00 3.142211914062499556e+00 4.922591476548474065e-01 6.054864435473366058e-01 1.364013671875000000e+00 -9.610733445490747817e-01
-1.622596811759889457e+00 -5.621197555705100823e-01 -5.964886590183062776e-01 -1.217132568359374112e+00 3.109863281249999556e+00 4.925448679226169246e-01 5.671567265786877643e-01 1.344970703125000000e+00 -1.000216000507515357e+00
-1.719640935527694925e+00 -6.080731478440769555e-01 -5.564757956038893782e-01 -1.201344807942707149e+00 3.150146484374998668e+00 4.685682681175112885e-01 5.980512429945423758e-01 1.386230468750000000e+00 -9.698601655725269666e-01
-1.587956661119635182e+00 -6.026106866586199429e-01 -5.810628787538253404e-01 -1.197784423828124334e+00 3.055053710937499112e+00 5.266491466083966788e-01 5.306349624794426401e-01 1.334228515625000000e+00 -9.896404839199235415e-01
-1.645563676093592331e+00 -5.756546614261132122e-01 -5.521133643134211733e-01 -1.165842692057290853e+00 3.173095703124999112e+00 4.721780176062644330e-01 5.369748682581243493e-01 1.322753906250000000e+00 -9.720319954749127023e-01
-1.714387913444247458e+00 -6.068812906961482678e-01 -6.393792412991903262e-01 -1.153869628906248668e+00 3.121582031249999112e+00 5.180731170678769537e-01 5.323532386569020947e-01 1.374267578125000000e+00 -9.481500529742705741e-01
-1.584358242294161112e+00 -6.075005956985172206e-01 -5.770298284841686165e-01 -1.202545166015624334e+00 3.092163085937499556e+00 5.369727632846497123e-01 5.631663924944645405e-01 1.300781250000000000e+00 -9.437260478178621792e-01
-1.689943601964759123e+00 -6.574618138201285822e-01 -5.881325773295467130e-01 -1.199096679687498890e+00 3.021118164062499112e+00 5.451068648072215916e-01 6.069820866966282313e-01 1.373779296875000000e+00 -1.002250360397755502e+00
-1.620873449319408799e+00 -6.174578623523374610e-01 -5.812205770839056207e-01 -1.190816243489582149e+00 3.174804687499999556e+00 5.190179553699004744e-01 5.744779155565287176e-01 1.400634765625000000e+00 -9.841990896562755609e-01
-1.658155246509907421e+00 -5.834300585032776709e-01 -5.349060660557880542e-01 -1.163736979166665853e+00 3.134765624999999556e+00 5.017444425088174453e-01 5.728766807261813643e-01 1.345458984375000000e+00 -9.785316407131222638e-01
-1.575840588109104656e+00 -6.378393831960083027e-01 -5.841589948829141177e-01 -1.186808268229165630e+00 3.086791992187499112e+00 5.473487398471494902e-01 5.244120980478736982e-01 1.355712890625000000e+00 -9.872514463711909993e-01
-1.619903206147342623e+00 -5.977981170614022899e-01 -5.892963172297540630e-01 -1.174163818359374334e+00 2.987182617187499556e+00 5.185449196864317933e-01 5.508307206354359220e-01 1.363037109375000000e+00 -9.707172075028028813e-01
-1.605190730163995383e+00 -6.137119107334562118e-01 -6.754709361127863021e-01 -1.187957763671874112e+00 3.142333984374999112e+00 5.462533921829141326e-01 5.514688947151917819e-01 1.319580078125000000e+00 -9.619529994530429118e-01
-1.806242534044723236e+00 -5.856950675965476583e-01 -5.598142535118491026e-01 -1.175903320312499334e+00 3.170776367187499112e+00 4.864383754155807704e-01 5.428946618819178171e-01 1.338378906250000000e+00 -9.671913703351178171e-01
-1.659202263526924570e+00 -5.684747315012672608e-01 -6.203194129924707312e-01 -1.241363525390624334e+00 3.138671874999999556e+00 5.133563677628490973e-01 5.742580040342915026e-01 1.342285156250000000e+00 -9.674797856637564752e-01
-1.641290603031145823e+00 -6.226978960204450075e-01 -6.632616659680985460e-01 -1.204111735026040630e+00 3.108398437499999112e+00 5.819762562390473626e-01 4.958459011057506638e-01 1.324462890625000000e+00 -9.851155153536488296e-01
-1.615509595288517231e+00 -5.496323256097114252e-01 -5.601638404998110499e-01 -1.193461100260416075e+00 3.108032226562499556e+00 5.301574614729204216e-01 5.615833801126852709e-01 1.343505859375000000e+00 -9.706744036101414563e-01
-1.556679807476166300e+00 -6.079752754685361360e-01 -5.954732757804326315e-01 -1.223958333333332815e+00 3.091308593749999112e+00 5.057871364792870805e-01 5.542836987316763775e-01 1.364990234375000000e+00 -9.737417240704215882e-01
-1.582050637843885443e+00 -5.802119146243731596e-01 -6.338428722068529808e-01 -1.167297363281249112e+00 3.079956054687499556e+00 5.259897203079142436e-01 5.846028729312717775e-01 1.361328125000000000e+00 -9.506279481965086431e-01
-1.557886401134321419e+00 -5.913395692976960438e-01 -6.001966607384341401e-01 -1.163391113281249112e+00 3.064697265624999112e+00 4.935645513965273290e-01 5.639523544305014013e-01 1.343750000000000000e+00 -9.518950398136424296e-01
-1.680025798713097762e+00 -6.264668011144919335e-01 -5.859208290580061318e-01 -1.176025390624998890e+00 3.111938476562499556e+00 5.169179144221808242e-01 5.540431515211691194e-01 1.331542968750000222e+00 -9.672233675392404306e-01
-1.618805779954693991e+00 -5.407705343081792293e-01 -5.963582528678352812e-01 -1.150594075520832593e+00 3.074340820312499556e+00 5.349564981549251863e-01 5.905483840988465793e-01 1.336425781249999778e+00 -9.623543386098155628e-01
-1.669807575639428832e+00 -6.229278042112905700e-01 -6.171969462265447515e-01 -1.161743164062499112e+00 3.149658203124999112e+00 5.376554938892109670e-01 5.589621535421995802e-01 1.320312500000000000e+00 -9.597832304490291344e-01
-1.596231755678424458e+00 -5.929330547261663087e-01 -5.661250985446425465e-01 -1.174153645833332149e+00 3.076538085937499112e+00 5.599380995097429370e-01 5.531405093943710938e-01 1.367187500000000000e+00 -9.725868473209949849e-01
-1.513965872564397408e+00 -5.921372850717402381e-01 -6.229731266809244161e-01 -1.145965576171874112e+00 3.129882812499999556e+00 5.275859261728736982e-01 5.601236182181957846e-01 1.354736328124999778e+00 -9.586579729241044845e-01
-1.528273292695937702e+00 -6.197151573038127692e-01 -5.416492742979244213e-01 -1.190806070963540853e+00 3.098876953124999112e+00 4.873877319307816092e-01 5.465253553251698815e-01 1.297119140625000000e+00 -9.581277949500864866e-01
-1.631269845861666790e+00 -5.889579412758313426e-01 -5.912639788358585724e-01 -1.214497884114582371e+00 3.118408203124999112e+00 4.984623011968307704e-01 5.636438935009868700e-01 1.289794921875000000e+00 -9.645656608115370512e-01
-1.536158686897719283e+00 -6.230725154549628941e-01 -5.734817919462887881e-01 -1.195821126302082149e+00 3.144775390624999112e+00 4.951017741885881396e-01 5.538630229344552180e-01 1.341308593750000000e+00 -9.557634312734184512e-01
-1.677876119385062204e+00 -6.370113828691605917e-01 -6.034777744963262247e-01 -1.194305419921874112e+00 3.064941406249999556e+00 5.494325575395295758e-01 5.916688856645297978e-01 1.350585937500000000e+00 -9.796344393974686371e-01
-1.521621297313167087e+00 -6.089993900748598143e-01 -5.809367220881511695e-01 -1.181833902994790853e+00 3.056884765624999556e+00 5.484835621806806172e-01 5.208200073653554973e-01 1.374267578125000000e+00 -9.854773798411267105e-01
-1.586165094323960245e+00 -6.008398564809748210e-01 -5.442741794082710527e-01 -1.151804606119791075e+00 3.157592773437498668e+00 5.251771160294117502e-01 6.014249105958419106e-01 1.346435546875000000e+00 -9.731831423067736075e-01
-1.529250718289479005e+00 -6.021477108613216833e-01 -6.030996031405586599e-01 -1.199534098307290630e+00 3.132202148437499556e+00 5.138407473321280339e-01 5.461172564786723749e-01 1.365722656250000000e+00 -9.934281117038225029e-01
-1.549261864905663089e+00 -5.927768573034256638e-01 -5.733543740747343298e-01 -1.203918457031249334e+00 3.062499999999999556e+00 5.268759366933905008e-01 5.253593495896002885e-01 1.351806640624999778e+00 -9.887261367509633248e-01
-1.580210326614008176e+00 -5.665922541925267897e-01 -6.073139632411608257e-01 -1.154937744140624334e+00 3.071777343749999112e+00 5.080618630018589599e-01 5.348296542531432163e-01 1.359619140625000000e+00 -9.682784786836312607e-01
-1.561300750024767980e+00 -5.997815442442467893e-01 -5.337941421684180288e-01 -1.242004394531249112e+00 3.106689453124999112e+00 5.201659711866107871e-01 5.273070844678614533e-01 1.348388671875000000e+00 -9.740968553132364205e-01
-1.567918233590976707e+00 -6.195163361236095678e-01 -5.964098872330555468e-01 -1.222371419270832593e+00 3.088745117187499112e+00 5.657866942662658216e-01 5.271218740256369273e-01 1.320068359375000000e+00 -9.616670986070978699e-01
-1.586313472267636415e+00 -6.732045277981447695e-01 -6.173356830512672921e-01 -1.241495768229165630e+00 3.233398437499998668e+00 5.183905615336225070e-01 5.384785701449625872e-01 1.336181640624999778e+00 -9.526214726644882669e-01
-1.607863990724459180e+00 -5.734577932869875383e-01 -6.330625422328970409e-01 -1.214660644531248668e+00 3.078735351562499112e+00 5.164122826321746462e-01 5.861191517688337793e-01 1.358642578125000000e+00 -9.647041656803791998e-01
-1.603202230253892413e+00 -5.614060138226780738e-01 -5.961451036171833140e-01 -1.190470377604165408e+00 3.099975585937499112e+00 5.287590430009090348e-01 6.042115838288433238e-01 1.334716796875000000e+00 -9.588686102739230055e-01
-1.632002857824061737e+00 -5.859498119811279437e-01 -6.025469714896818374e-01 -1.231404622395832149e+00 3.090820312499999556e+00 5.443065292132145405e-01 5.169263343160790392e-01 1.325439453125000000e+00 -9.721854817191608600e-01
-1.645071515200423606e+00 -6.532835684426276934e-01 -5.798088987028274799e-01 -1.229919433593749334e+00 3.150390624999999556e+00 5.121078421205930153e-01 5.843084773934992260e-01 1.346435546875000000e+00 -9.770810076729576910e-01
-1.544440448718263248e+00 -5.797446562210795129e-01 -6.277133546350457394e-01 -1.171854654947915853e+00 3.053466796874999556e+00 5.489191752782051070e-01 5.297077829836533969e-01 1.312744140625000000e+00 -9.732323535478293319e-01
-1.711318030148405445e+00 -6.066624441269703460e-01 -5.898564439758442468e-01 -1.221761067708332593e+00 3.125610351562499112e+00 5.011020584821124224e-01 5.787713204485271934e-01 1.332763671875000000e+00 -9.592904486158931876e-01
-1.645555000823589964e+00 -6.215565895851954403e-01 -6.482855600986064948e-01 -1.143849690755207815e+00 3.087524414062499112e+00 4.958219273790926973e-01 5.292042561671217449e-01 1.337646484375000000e+00 -9.654928491223468967e-01
-1.579072782774546546e+00 -5.498505504827132517e-01 -5.603435591343283173e-01 -1.187347412109373890e+00 3.130249023437499556e+00 5.098749506168961387e-01 5.409469270036566524e-01 1.343505859375000000e+00 -9.613951266498220738e-01
-1.650283750214478040e+00 -5.966703072118421103e-01 -6.278517219313733966e-01 -1.206919352213540853e+00 3.064819335937499112e+00 5.083350592090273290e-01 5.521058886201571925e-01 1.355712890625000000e+00 -9.733936078934368741e-01
-1.652674853069092453e+00 -6.152176376321198958e-01 -5.953555794324574268e-01 -1.166453043619790630e+00 3.121704101562499112e+00 5.330943358019051281e-01 5.583843980862375211e-01 1.371826171874999778e+00 -9.837242660805812777e-01
-1.709252632983064846e+00 -6.395117981941438323e-01 -5.774213947396574786e-01 -1.187795003255207371e+00 3.106689453124999112e+00 5.119241201193867052e-01 5.581019629667325344e-01 1.364746093750000000e+00 -9.541578323630081071e-01
-1.491661750532012887e+00 -6.662025094731315322e-01 -6.054790358998611843e-01 -1.163126627604165853e+00 3.104858398437499556e+00 4.791153897304936682e-01 5.509964755641796330e-01 1.341064453125000000e+00 -9.657289310098000623e-01
-1.592418304700244480e+00 -6.866375256762722312e-01 -5.951361266582619880e-01 -1.205647786458332371e+00 3.112548828124998668e+00 5.223251976932112850e-01 5.684818412099532647e-01 1.318359375000000000e+00 -9.740567729265057206e-01
-1.578452518469620980e+00 -5.920610770080052543e-01 -5.526128067321733894e-01 -1.196472167968748890e+00 3.102661132812499112e+00 5.096098660373973299e-01 5.229334971723599290e-01 1.367187500000000000e+00 -9.819063608011592281e-01
-1.653955318617836845e+00 -5.876359301452132033e-01 -5.323207072043418808e-01 -1.179087320963540630e+00 3.120361328124999556e+00 5.325186853194179282e-01 5.542672201002318833e-01 1.348388671874999778e+00 -9.554738181399486940e-01
-1.680550423487497724e+00 -6.271966384296115971e-01 -5.563986575777500887e-01 -1.180033365885416297e+00 3.141601562499999112e+00 5.152897289831397387e-01 4.998682147640556295e-01 1.360839843750000000e+00 -9.539340103450300035e-01
-1.628582740025484643e+00 -5.968443128531886188e-01 -6.257703570165434881e-01 -1.176778157552082593e+00 3.184814453124999556e+00 4.764612587872417149e-01 5.370077726308903898e-01 1.345947265625000000e+00 -9.864991065833678130e-01
-1.677051884992072361e+00 -6.074184162406690568e-01 -6.012787007671998030e-01 -1.194356282552082593e+00 3.184814453124999556e+00 5.324313160869302841e-01 5.901163644158140542e-01 1.323486328125000000e+00 -9.706091761369833870e-01
-1.549652058384841880e+00 -5.778433762608384816e-01 -6.202215406169300227e-01 -1.236185709635416075e+00 3.159301757812499112e+00 5.112548383741113422e-01 5.756028824452661397e-01 1.342285156250000000e+00 -9.606360800623970908e-01
-1.627433817040130126e+00 -6.479740143679270092e-01 -5.502551763001688467e-01 -1.215922037760416075e+00 3.072387695312498668e+00 4.990570989265709079e-01 5.248151150388608022e-01 1.344970703125000000e+00 -9.591607731501683443e-01
-1.623830721590600934e+00 -6.021629387978126857e-01 -5.982064566788009019e-01 -1.154805501302082593e+00 3.181030273437499112e+00 4.938011969263140788e-01 5.557302671429859009e-01 1.317382812500000000e+00 -9.731035588056867747e-01
