6.892412631548673618e-02 3.391525284483051794e-02 3.444719132345207963e-02 2.724479193515776804e-02 3.575932394428066319e-02 2.419623816515504081e-02 2.296763266816945204e-02 2.146241826444236084e-02 1.350296331697221908e-02
6.893594004809365516e-02 3.386870501451215432e-02 3.442143998237277847e-02 2.735135019789210892e-02 3.558504187034292054e-02 2.399113035287212328e-02 2.289633583460489938e-02 2.131185535008915319e-02 1.348444607728264792e-02
6.899255758693161045e-02 3.398464104506074973e-02 3.445904897858573929e-02 2.724225676172172331e-02 3.572786205137638837e-02 2.410001581410553539e-02 2.293626484305167496e-02 2.136651525554671138e-02 1.353832277827512511e-02
6.867829723335583392e-02 3.400227581370714874e-02 3.436239847921534335e-02 2.733968536252526227e-02 3.587210350919849133e-02 2.414570272978799892e-02 2.295306377388588517e-02 2.141229825208158799e-02 1.365030578515807370e-02
6.884005657976828563e-02 3.390827164624801715e-02 3.448405418739769468e-02 2.721628262586336597e-02 3.552251324514588832e-02 2.412415412150620275e-02 2.296126465364761726e-02 2.150726994963962635e-02 1.357027975301679755e-02
6.908825458498885075e-02 3.387520839871430850e-02 3.454945965240482225e-02 2.732023898247316895e-02 3.565609573698180074e-02 2.407008483595319409e-02 2.286647301264667018e-02 2.123886256748227022e-02 1.351380518295712888e-02
6.910351197144123936e-02 3.389837285666463806e-02 3.447922383776420852e-02 2.726482387743955557e-02 3.566278835565524913e-02 2.412586046336845022e-02 2.294612760306705829e-02 2.150858911877077603e-02 1.356932231595685441e-02
6.881524239613470706e-02 3.402149595075944916e-02 3.437714449508719877e-02 2.733757996236065718e-02 3.555351129529684545e-02 2.412791770372836944e-02 2.286848231716091459e-02 2.143558297719065642e-02 1.349557028767988526e-02
6.899899247288804327e-02 3.376869052389096931e-02 3.436168744685037107e-02 2.728723267802620270e-02 3.573943787350072898e-02 2.415277421132681207e-02 2.293239460144663039e-02 2.122876731960429003e-02 1.353104745126981062e-02
6.888227681005611169e-02 3.394789031937734541e-02 3.453729964099492428e-02 2.736401680587247434e-02 3.554391243973305248e-02 2.411950465145828310e-02 2.287079949258244774e-02 2.140530600884247431e-02 1.346830299798263894e-02
6.868432727897912093e-02 3.386597355088457467e-02 3.448989445529786896e-02 2.729788726660619183e-02 3.573852998162986572e-02 2.419436265752784171e-02 2.298379027320816836e-02 2.148494580848977348e-02 1.349066443141729542e-02
6.873143521350379148e-02 3.375627738146984996e-02 3.442864335899185196e-02 2.728655141905110201e-02 3.571190696237327294e-02 2.401061719041677409e-02 2.298166150395502400e-02 2.150776572585908625e-02 1.352380510007165741e-02
6.908556541481192248e-02 3.379981248190454257e-02 3.446372620145306265e-02 2.722300051680636226e-02 3.570459264666395877e-02 2.419562619279059384e-02 2.298028490103942723e-02 2.127057100052123784e-02 1.357293903218178763e-02
6.877445906212979743e-02 3.391970980220069404e-02 3.428309750593423744e-02 2.730370344533360541e-02 3.565890712954953440e-02 2.419453335979680417e-02 2.295688899555036605e-02 2.134747330930978140e-02 1.350490368805468827e-02
6.888401161125230765e-02 3.378994163159928371e-02 3.446112945481281942e-02 2.727845951133584315e-02 3.534536553022050998e-02 2.415225467443243845e-02 2.292903936894509498e-02 2.121088501574018917e-02 1.349821777097029267e-02
6.907429323266403576e-02 3.380357387086872778e-02 3.450141173429235181e-02 2.728589888988398535e-02 3.550889345078652587e-02 2.406144199638467901e-02 2.290126261308541439e-02 2.134286728481368453e-02 1.354672083635966376e-02
6.886028062413847295e-02 3.379951450597490359e-02 3.449458490301445662e-02 2.728583436383714630e-02 3.576640220169906292e-02 2.411349704847517983e-02 2.291127516262362468e-02 2.139324451062476692e-02 1.349675477035289922e-02
6.851127511411289617e-02 3.379767092358912373e-02 3.445481844479621886e-02 2.730558303953657673e-02 3.570256605237544928e-02 2.414099360272766240e-02 2.287606759488491903e-02 2.128365872832471348e-02 1.345779771953048605e-02
6.902972131968357350e-02 3.376461823002324669e-02 3.447287485904313581e-02 2.728907468772268433e-02 3.566292790574374788e-02 2.406668761190956449e-02 2.287779429504843004e-02 2.141703729626722591e-02 1.359970813419515527e-02
6.878211516981516671e-02 3.380330395591456955e-02 3.454695193035101780e-02 2.721944938344049089e-02 3.538902782210035652e-02 2.409076455516484527e-02 2.296869446963979711e-02 2.140312229159009247e-02 1.351998743196421680e-02
6.896864169338083606e-02 3.388372195998305692e-02 3.447973532615165870e-02 2.728233346923588515e-02 3.567896434268433975e-02 2.420220703788193359e-02 2.284606766326141569e-02 2.138743148992140047e-02 1.363670903357904959e-02
6.879546087394322607e-02 3.400414029360435825e-02 3.440189221238667411e-02 2.730251649655197205e-02 3.580260405000363494e-02 2.411298679896612188e-02 2.290870977581565410e-02 2.132288531497657583e-02 1.359059651155680379e-02
6.876759477920067753e-02 3.387710248220184711e-02 3.446874161498678091e-02 2.726700595191582782e-02 3.574509182900973553e-02 2.412113306952863231e-02 2.289892354919220718e-02 2.151737858227761521e-02 1.354734682084258318e-02
6.898285346957168385e-02 3.392760696132925136e-02 3.438475761158487493e-02 2.724555603629601544e-02 3.576909630113680322e-02 2.417863524604699915e-02 2.290304522956486052e-02 2.140449631900068553e-02 1.351840770513513743e-02
6.905267661629822806e-02 3.392974893740562797e-02 3.449207038171760858e-02 2.732828140295655989e-02 3.562869093438765511e-02 2.414412943017947566e-02 2.295775313487583361e-02 2.132877681977583470e-02 1.351941239115383997e-02
6.885932669462842270e-02 3.387125448498898989e-02 3.441404012411286573e-02 2.737386896270049483e-02 3.570379633367389005e-02 2.413909663158900903e-02 2.291035107456744144e-02 2.146726707406542214e-02 1.354690050267175379e-02
6.862670170351845012e-02 3.381843838371317856e-02 3.453079179161645806e-02 2.729251546651490640e-02 3.572682352617530949e-02 2.412192322422332738e-02 2.292999580572055093e-02 2.144927899138875105e-02 1.350769356219140051e-02
6.914990950094339339e-02 3.386452783432327557e-02 3.450013668865074129e-02 2.730104526991869798e-02 3.557004099625258459e-02 2.412467250466108007e-02 2.288204304372542727e-02 2.158732497659639205e-02 1.343843563720022172e-02
6.890591267388498919e-02 3.388442542430779303e-02 3.440228209370885942e-02 2.731253068263235148e-02 3.557243047824815152e-02 2.415986601113971968e-02 2.277349671954798441e-02 2.148584728587821582e-02 1.346721092159799960e-02
6.883196970180935348e-02 3.396793492572798556e-02 3.449383225133686309e-02 2.735938403128497162e-02 3.551836037236536653e-02 2.408558325818476939e-02 2.294330837343579177e-02 2.157019346079815450e-02 1.357540067622092436e-02
6.888649778626833309e-02 3.388997365931012418e-02 3.445669623613285132e-02 2.737878738700681366e-02 3.560363359617865070e-02 2.412577545629403242e-02 2.295675872346318591e-02 2.145490331799948178e-02 1.355498883923351994e-02
6.875099214660050639e-02 3.383145064810558905e-02 3.453519815660131831e-02 2.731410414393079314e-02 3.577816693514909024e-02 2.407925687593946359e-02 2.308165270630526886e-02 2.155212113440721153e-02 1.353303918384922942e-02
6.905879334450074070e-02 3.376609469152339754e-02 3.437928038445756118e-02 2.731730130380562865e-02 3.580251557113332816e-02 2.417718885382573110e-02 2.302746741850864726e-02 2.138303227964122658e-02 1.352403687980014389e-02
6.873639314499306596e-02 3.380897369740848424e-02 3.441262381267209958e-02 2.734152513391993958e-02 3.564682217888141824e-02 2.416471771153652637e-02 2.293133571954398403e-02 2.132838536563615162e-02 1.362992448634911015e-02
6.891857061152836805e-02 3.392654827040186144e-02 3.441709284344067477e-02 2.737451276462418703e-02 3.572974761685659972e-02 2.417855057967565474e-02 2.289988547879870037e-02 2.135078579424550677e-02 1.352428160982325697e-02
6.887637746988586884e-02 3.377387668867064263e-02 3.436808489071473821e-02 2.731981934195289174e-02 3.555081651523661623e-02 2.410820754170076713e-02 2.297231439436559983e-02 2.132647967449425794e-02 1.359310483640923002e-02
6.902102847767568883e-02 3.399316637991068452e-02 3.451348213736788600e-02 2.723977469350462310e-02 3.568089011497595914e-02 2.411758685951728709e-02 2.290762492106369203e-02 2.145650512912777169e-02 1.354230948628458268e-02
6.873889498308621837e-02 3.382025761033592703e-02 3.441110845798057288e-02 2.727079802547573845e-02 3.568609788962474189e-02 2.413106869610823907e-02 2.286170782280405947e-02 2.137291968101119946e-02 1.340002503680629876e-02
6.888917627180712877e-02 3.381959923057845790e-02 3.451937089004439296e-02 2.731441831304491294e-02 3.573772811344812922e-02 2.408717830242443694e-02 2.291171325838066777e-02 2.140176313465032634e-02 1.351305760339799149e-02
6.899060856805264152e-02 3.390594649041792086e-02 3.443674892428088413e-02 2.731716632146504592e-02 3.573579364596773250e-02 2.417465626307938042e-02 2.292816137384859343e-02 2.135315222179290026e-02 1.349423961574197119e-02
6.898698884480061744e-02 3.393253265554517506e-02 3.455175472054335117e-02 2.729698594379663043e-02 3.570967662315311514e-02 2.410379120881663007e-02 2.298431679145845896e-02 2.141751036165634448e-02 1.355649427069390012e-02
6.880462639081441623e-02 3.391248540236843634e-02 3.436666953048187617e-02 2.732027183520234492e-02 3.576263465848957684e-02 2.414486547335584557e-02 2.301512237958047713e-02 2.132113372161002773e-02 1.360327126834767232e-02
6.884595731660293760e-02 3.390441197563297954e-02 3.452825866418351292e-02 2.723221778958225328e-02 3.560118167742468143e-02 2.420435081154240220e-02 2.287671652536076711e-02 2.143052227305155752e-02 1.352644145107809517e-02
6.895258532818561437e-02 3.385373045605746117e-02 3.441076442914487582e-02 2.730862166037094710e-02 3.576437496473904715e-02 2.418377441719688631e-02 2.294115142886990824e-02 2.123497738265124266e-02 1.345457633099513169e-02
6.869972226506210200e-02 3.382748164170534810e-02 3.446558348548070527e-02 2.738985399591999798e-02 3.579249833910971845e-02 2.411645574332824116e-02 2.291023156507814018e-02 2.137288478702968619e-02 1.354496542174609200e-02
6.873441947785829953e-02 3.394377022180775777e-02 3.444113729862481599e-02 2.727638814755332583e-02 3.580704402149333110e-02 2.404171414730053857e-02 2.298572657751727505e-02 2.141368392281901151e-02 1.350710314961766495e-02
6.890792516989303895e-02 3.395241154927427368e-02 3.437197726051214458e-02 2.732171697011757591e-02 3.565249686773426518e-02 2.417983813493868386e-02 2.295831511698690625e-02 2.134577724894357736e-02 1.351569073677724893e-02
6.875795482765421907e-02 3.384139642119620567e-02 3.449394192002075421e-02 2.736648247864051017e-02 3.572370728570250370e-02 2.412419396198099003e-02 2.291478600219335263e-02 2.148260626095783304e-02 1.358779402889248068e-02
6.909312296336232728e-02 3.383783577449255703e-02 3.454169305852985289e-02 2.726916020187854922e-02 3.602021401409331858e-02 2.415578172480042571e-02 2.289534311159783717e-02 2.139029168195987277e-02 1.359824111567683666e-02
6.884559578085851228e-02 3.379960209006918626e-02 3.452295197520938858e-02 2.735445519118865146e-02 3.564913895767413826e-02 2.405874301581818059e-02 2.295188296608282122e-02 2.146711302862548340e-02 1.353424061246056090e-02
6.880751386906727718e-02 3.395854398677120717e-02 3.445371703716241379e-02 2.727721202021353430e-02 3.555301617141497228e-02 2.419994098640333366e-02 2.291053719758286839e-02 2.147999276502305169e-02 1.347583653828676557e-02
6.888693833574031922e-02 3.389584956722909576e-02 3.452436385031478622e-02 2.736316608832440808e-02 3.566583048499203518e-02 2.408031853418211507e-02 2.290611512961271759e-02 2.154447520418473205e-02 1.347716390474791928e-02
6.906972999821286985e-02 3.388800221473744351e-02 3.450515178797778498e-02 2.737167179339461756e-02 3.582341639533126454e-02 2.409585484775278452e-02 2.298694736850667719e-02 2.137702281603120341e-02 1.349156983438313563e-02
6.890124947156933688e-02 3.385415032279580350e-02 3.438983724528481972e-02 2.734143231455665041e-02 3.576206732979772540e-02 2.417049156168527349e-02 2.296113961469413434e-02 2.134060353457825632e-02 1.347242809690041461e-02
6.883958480764970633e-02 3.388710094265538070e-02 3.441930884391988799e-02 2.730534223542257707e-02 3.578033962556372016e-02 2.416910604601011162e-02 2.292548297408865399e-02 2.133860346145746018e-02 1.350503837154921200e-02
6.859377845150557707e-02 3.379613498284614326e-02 3.438595380106382327e-02 2.729805768250651021e-02 3.554807665497285857e-02 2.412667463592052530e-02 2.293779922059801732e-02 2.145257338239602365e-02 1.353245055530030889e-02
6.874021452640714791e-02 3.396208438966778764e-02 3.442297537180490086e-02 2.732075475175322135e-02 3.558508094902773644e-02 2.418110163679449212e-02 2.289783107995934167e-02 2.130695461167200419e-02 1.351182651640277406e-02
6.892171402073420106e-02 3.383345019541061233e-02 3.446448115082077074e-02 2.732805474713441776e-02 3.579244619733213534e-02 2.414946735934049571e-02 2.288330910034267959e-02 2.136941433852983935e-02 1.349583349109465674e-02
6.888126969097960184e-02 3.388164724171466302e-02 3.451074546913249913e-02 2.729966306227037121e-02 3.581263318497068110e-02 2.418600370392651883e-02 2.296725135534192705e-02 2.146911400806494202e-02 1.349456012418105352e-02
6.907877311750522387e-02 3.390250861607315563e-02 3.452122093244565371e-02 2.728958033953180276e-02 3.563294218226006199e-02 2.409655446588112801e-02 2.295773338675067068e-02 2.141825620403166319e-02 1.351217541856659064e-02
6.895575077832452604e-02 3.391815275898915627e-02 3.437875602477827308e-02 2.730951146177437380e-02 3.565824765582039507e-02 2.416011517759411240e-02 2.294117877919198481e-02 2.146240216149850749e-02 1.357437750522350571e-02
6.900869841596007914e-02 3.398145805343646270e-02 3.451577372733793253e-02 2.727932147987832678e-02 3.569415503106264376e-02 2.419889143900648756e-02 2.299515996285561234e-02 2.138948312458306689e-02 1.357352684836713591e-02
6.881994842849628591e-02 3.392869618821373751e-02 3.452377000354665132e-02 2.735955237270386656e-02 3.561322493586856902e-02 2.410962629949216923e-02 2.300469181140674113e-02 2.129312143544865449e-02 1.360859939674637087e-02
6.872973385459832385e-02 3.383730504378680559e-02 3.449839748026034547e-02 2.734795875705582635e-02 3.569083926423415043e-02 2.409057379229347789e-02 2.300878464672801577e-02 2.137201327008432170e-02 1.357745010216063544e-02
6.856489771232680830e-02 3.393032365276985735e-02 3.452389973648433558e-02 2.725728348786389532e-02 3.571147044593414588e-02 2.417447765844246699e-02 2.289231368342081047e-02 2.127542232374752054e-02 1.354674565719712898e-02
6.889247535400745692e-02 3.392875386154633327e-02 3.457324814524806444e-02 2.729241332213721768e-02 3.568962280701815787e-02 2.410794841183491397e-02 2.288066122154275989e-02 2.139357560065291083e-02 1.352875562019670644e-02
6.917298239794596182e-02 3.385371528526818358e-02 3.442354638500774722e-02 2.731865975571621391e-02 3.560734958619373586e-02 2.411095804713090859e-02 2.306477803900362084e-02 2.143179744886920812e-02 1.355311656145562725e-02
6.903649685292390092e-02 3.377786833468444938e-02 3.462009122019177321e-02 2.731535196252423900e-02 3.575685711338067591e-02 2.419552517979531303e-02 2.285557432156425095e-02 2.133993459133311926e-02 1.355086680250530175e-02
6.893577694525794552e-02 3.390393767422480997e-02 3.449298605201393114e-02 2.729219081353754378e-02 3.577071455507406517e-02 2.415553436874100235e-02 2.294760323221407480e-02 2.141560971352232667e-02 1.357427784156753532e-02
6.913100489133323923e-02 3.383692908607013883e-02 3.463924637970249715e-02 2.726895677240182697e-02 3.573095395186199480e-02 2.411809683942421970e-02 2.292960170139097739e-02 2.141786638530589551e-02 1.362023732771173827e-02
6.884653655293700159e-02 3.396961989784234165e-02 3.449768522922621455e-02 2.731831755919367222e-02 3.580932010880102240e-02 2.408895236804367221e-02 2.294509541499140451e-02 2.138627580669553302e-02 1.350203626361719950e-02
6.915747060146153202e-02 3.384643243133697577e-02 3.452419353662653650e-02 2.735934594526420738e-02 3.564149363112706359e-02 2.414390536111580415e-02 2.299092722771921976e-02 2.134435972855686439e-02 1.343454827597743810e-02
6.907443847214506105e-02 3.401740314547652827e-02 3.442795416459668023e-02 2.730319743212212408e-02 3.561126243074014958e-02 2.415293783522311222e-02 2.291790147919355730e-02 2.150061502241278760e-02 1.349843298824568612e-02
6.901728752560344626e-02 3.389749786805369008e-02 3.451236146592785020e-02 2.731766631249070085e-02 3.561987903673378281e-02 2.410855593583631842e-02 2.299891704412871871e-02 2.148174783238548241e-02 1.351275988949428818e-02
6.912369460102144036e-02 3.378695748155281786e-02 3.446916872942098337e-02 2.728161710186512157e-02 3.576308288451706535e-02 2.414522250269919568e-02 2.297692509479850806e-02 2.136211310028266960e-02 1.345836108286284534e-02
6.892701165497902571e-02 3.385031017455015362e-02 3.447518527146473805e-02 2.741049562744647325e-02 3.591894434907657446e-02 2.420215490603742914e-02 2.294737663589032500e-02 2.156569506004030537e-02 1.358561629529221604e-02
6.906567530197203764e-02 3.398679722747744575e-02 3.446202959179556213e-02 2.736383312229900139e-02 3.568246238615487703e-02 2.414736842996316121e-02 2.296738084894029905e-02 2.142238326124256201e-02 1.356578306218103949e-02
6.909979041501224106e-02 3.386827877745681586e-02 3.450232435829896083e-02 2.731596938294046303e-02 3.576849337508167942e-02 2.411274637026847648e-02 2.295069833962150307e-02 2.148124739114208245e-02 1.359847529016057141e-02
6.887696809722662628e-02 3.365395708952793191e-02 3.448528734767256770e-02 2.727732329322898192e-02 3.551766008366832178e-02 2.416228664461074135e-02 2.297699479748829127e-02 2.131449850845145572e-02 1.353464113482191755e-02
6.881650935194928709e-02 3.385125399956356168e-02 3.447369489931452480e-02 2.726167224391157565e-02 3.569967033232533671e-02 2.410282719182301261e-02 2.294378389380163225e-02 2.134400247879672530e-02 1.355914592912687948e-02
6.891118645273898446e-02 3.389126404845558410e-02 3.445559082459243028e-02 2.731704856373173146e-02 3.578043578490344018e-02 2.412983915658386408e-02 2.295162023994049352e-02 2.118456656386675727e-02 1.354733139748524710e-02
6.875153403236031191e-02 3.393588361267072667e-02 3.452580278188462776e-02 2.728798118478857962e-02 3.557353428265622175e-02 2.408583370339279980e-02 2.291648255683743918e-02 2.140301146811813063e-02 1.345761760918988414e-02
6.886706242472470652e-02 3.386627693310667597e-02 3.445522431338857855e-02 2.728562607178242408e-02 3.555973299886194122e-02 2.410692426410644684e-02 2.296426553743441054e-02 2.132493207068057381e-02 1.354512368399775173e-02
6.902349163158154333e-02 3.387158583120476046e-02 3.443415097907386729e-02 2.725661500404633064e-02 3.573229138033694879e-02 2.417544772117958402e-02 2.289566905167819688e-02 2.144540546323042349e-02 1.353972107061445981e-02
6.862762663498153670e-02 3.382661519731968575e-02 3.452393696486993208e-02 2.731603849798345043e-02 3.560871114518954217e-02 2.408326882861687446e-02 2.297121259536046706e-02 2.130041404224974205e-02 1.353759361238618918e-02
6.899544440124423528e-02 3.388243280339812286e-02 3.452793507691716279e-02 2.723899905320698034e-02 3.580288805477664649e-02 2.407690502070165481e-02 2.294421721066536649e-02 2.132140655376660310e-02 1.351367441552907625e-02
6.912895828782467111e-02 3.383951058403411594e-02 3.445640340963753573e-02 2.734468825328449648e-02 3.557408598027019669e-02 2.414310757303850946e-02 2.300489951845898287e-02 2.130871915075595313e-02 1.354452028904610042e-02
6.876748463159527980e-02 3.391511370043996665e-02 3.444463923232243124e-02 2.730686007403275092e-02 3.585562298849358231e-02 2.412851463494723389e-02 2.291013819411692742e-02 2.137670151050304057e-02 1.353335754640343398e-02
6.875956950619875607e-02 3.376362277196146011e-02 3.449105957888328605e-02 2.727148724650073700e-02 3.558424750817974769e-02 2.408979255925309398e-02 2.285956841935769465e-02 2.137485799476258885e-02 1.352320876546478541e-02
6.877045377833557183e-02 3.386326668184161393e-02 3.442741419961341948e-02 2.731953227511987534e-02 3.575649490956316068e-02 2.407590723625806228e-02 2.291645699467552075e-02 2.122888693569010068e-02 1.354336652317534619e-02
6.919492862711916492e-02 3.379565279235212383e-02 3.444630771270316971e-02 2.727845794708105148e-02 3.562567208190199619e-02 2.416163896721603213e-02 2.294036421263247541e-02 2.156076799087829760e-02 1.353029790143353214e-02
6.895788632715180166e-02 3.382291239046598258e-02 3.451599510474600424e-02 2.731131193229057244e-02 3.564453237269021163e-02 2.407045047597273016e-02 2.290345983069953448e-02 2.147874941379495153e-02 1.351924583062142672e-02
6.897618907664430921e-02 3.392861065906203899e-02 3.445718532647659704e-02 2.727443403353108087e-02 3.554254527659165414e-02 2.406602351789437558e-02 2.293406363055369712e-02 2.142516560395914260e-02 1.353157443102571272e-02
6.890368048181373661e-02 3.397484307835336309e-02 3.435140384816967596e-02 2.729093022930710599e-02 3.566291444040813052e-02 2.423058664361183931e-02 2.299488908343623808e-02 2.153062160932762981e-02 1.352339117453680434e-02
6.872657953914086681e-02 3.387047007688345074e-02 3.447424784221628236e-02 2.739021080895478327e-02 3.579171864390300051e-02 2.408430331034469921e-02 2.287858769784654675e-02 2.142984442307049181e-02 1.358516503064443985e-02
6.891408888317039627e-02 3.378895298308853823e-02 3.445730537960673551e-02 2.734920469916277824e-02 3.572417685091026224e-02 2.413105373538011050e-02 2.288141907801441791e-02 2.152362588744399438e-02 1.350942055104903915e-02
6.864956510603252571e-02 3.370045389352489124e-02 3.442510451629872403e-02 2.737006646373481983e-02 3.556778716019740744e-02 2.408193845680195802e-02 2.292035614275903660e-02 2.129498825671460871e-02 1.346561973347682600e-02
6.898435791988601073e-02 3.386826702510236514e-02 3.443247122598302318e-02 2.744121796174427488e-02 3.547745311581396166e-02 2.418298059205969963e-02 2.291890932146442572e-02 2.138572975271382098e-02 1.352707383293271816e-02
6.871058617833393500e-02 3.384218742073890479e-02 3.445555524328690333e-02 2.730915756187586238e-02 3.557025268238000332e-02 2.420347123127202307e-02 2.291050613768676539e-02 2.125973036240293157e-02 1.355059576170549590e-02
6.890842102908903422e-02 3.388205457040791013e-02 3.438629351589249372e-02 2.733099538014261212e-02 3.564006335180384261e-02 2.408822371492123568e-02 2.298774226991595615e-02 2.115489921990321501e-02 1.347219257317829912e-02
